00000000000000000000000000000000000000000000000000000000000000000000000000000000000000000000000000000000000000000000000000000000
00000000000000000000000000000000000000000000000000000000000000000000000000000000000000000000000000000000000000000000000000000000
00000000000000000000000000000000000000000000000000000000000000000000000000000000111111111111110000000000000000000000000000000000
00000000000000000000000000000000000000000000000000000000000000000000000000000011111111111111111100000000000000000000000000000000
00000000000000000000000000000000000000000000000000000000000000000000000000011111111111111111111110000000000000000000000000000000
00000000000000000000000000000000000000000000000000000000000000000000000000111111111111111111111111100000000000000000000000000000
00000000000000000000000000000000000000000000000000000000000000000000000000111111111111111111111111100000000000000000000000000000
00000000000000000000000000000000000000000000000000000000000000000000000000111111111111111111111111100000000000000000000000000000
00000000000000000000000000000000000000000000000000000000000000000000000001111111111111111111111111100000000000000000000000000000
00000000000000000000000000000000000000000000000000000000000000000000000011111111111111111111111111100000000000000000000000000000
00000000000000000000000000000000000000000000000000000000000000000000000011111111111111111111111111100000000000000000000000000000
00000000000000000000000000001000000000000000000000000000000000000000000111111111111111111111111111100000000000000000000000000000
00000000000000000000000001111111110000000000000000000000000000000000000111111111111111111111111111100000000000000000000000000000
00000000000000000000000111111111110000000000000000000000000000000000001111111111111111111111111111100000000000000000000000000000
00000000000000000000011111111111111111000000000000000000000000000000001111111111111111111111111111100000000000000000000000000000
00000000000000000011111111111111111111100000000000000000000000000000001111111111111111111111111000000000000000000000000000000000
00000000000000011111111111111111111111111100000000000000000000000000011111111111111111111111100000000000000000000000000000000000
00000000000001111111111111111111111111111111000000000000000000000000011111111111111111111111000000000000000000000000000000000000
00000000000011111111111111111111111111111111111000000000000000000000011111111111111111111111000000000000000000000000000000000000
00000000000011111111111111111111111111111111111100000000000000000000011111111111111111111111000000000000000000000000000000000000
00000000001111111111111111111111111111111111111111000000000000000000111111111111111111111110000000000000000000000000000000000000
00000000001111111111111111111111111111111111111111111100000000000001111111111111111111111110000000000000000000000000000000000000
00000000011111111111111111111111111111111111111111111111100000000001111111111111111111111110000000000000000000000000000000000000
00000000011111111111111111111111111111111111111111111111111100000001111111111111111111111110000000000000000000000000000000000000
00000000111111111111111111111111111111111111111111111111111111111111111111111111111111111110000000000000000000000000000000000000
00000000111111111111111111111111111111111111111111111111111111111111111111111111111111111100000000000000000000000000000000000000
00000000111111111111111111111111111111111111111111111111111111111111111111111111111111111100000000000000000000000000000000000000
00000000111111111111111111111111111111111111111111111111111111111111111111111111111111111000000000000000000000000000000000000000
00000001111111111111111111111111111111111111111111111111111111111111111111111111111111111000000000000000000000000000000000000000
00000000111111111111111111111111111111111111111111111111111111111111111111111111111111111000000000000000000000000000000000000000
00000000111111111111111111111111111111111111111111111111111111111111111111111111111111110000000000000000000000000000000000000000
00000000111111111111111111111111111111111111111111111111111111111111111111111111111111110000000000000000000000000000000000000000
00000000111111111111111111111111111111111111111111111111111111111111111111111111111111100000000000000000000000000000000000000000
00000000111111111111111111111111111111111111111111111111111111111111111111111111111111100000000000000000000000000000000000000000
00000000111111111111111111111111111111111111111111111111111111111111111111111111111111100000000000000000000000000000000000000000
00000000111111111111111111111111111111111111111111111111111111111111111111111111111111000000000000000000000000000000000000000000
00000001111111111111111111111111111111111111111111111111111111111111111111111111111111000000000000000000000000000000000000000000
00000001111111111111111111111111111111111111111111111111111111111111111111111111111111000000000000000000000000000000000000000000
00000001111111111111111111111111111111111111111111111111111111111111111111111111111111000000000000000000000000000000000000000000
00000001111111111111111111111111111111111111111111111111111111111111111111111111111110000000000000000000000000000000000000000000
00000001111111111111111111111111111111111111111111111111111111111111111111111111111110000000000000000000000000000000000000000000
00000001111111111111111111110000000111111111111111111111111111111111111111111111111110000000000000000000000000000000000000000000
00000001111111111111111111110000000001111111111111111111111111111111111111111111111100000000000000000000000000000000000000000000
00000001111111111111111111110000000000011111111111111111111111111111111111111111111100000000000000000000000000000000000000000000
00000001111111111111111111110000000000000111111111111111111111111111111111111111111000000000000000000000000000000000000000000000
00000001111111111111111111100000000000000111111111111111111111111111111111111111111000000000000000000000000000000000000000000000
00000001111111111111111111100000000000000000001111111111111111111111111111111111110000000000000000000000000000000000000000000000
00000001111111111111111111100000000000000000000001111111111111111111111111111111100000000000000000000000000000000000000000000000
00000001111111111111111111100000000000000000000000000001111111111111111111111111000000000000000000000000000000000000000000000000
00000001111111111111111111100000000000000000000000000000000111111111111111111000000000000000000000000000000000000000000000000000
00000001111111111111111111100000000000000000000000000000000000000000001110000000000000000000000000000000000000000000000000000000
00000001111111111111111111100000000000000000000000000000000000000000000000000000000000000000000000000000000000000000000000000000
00000001111111111111111111100000000000000000000000000000000000000000000000000000000000000000000000000000000000000000000000000000
00000001111111111111111111100000000000000000000000000000000000000000000000000000000000000000000000000000000000000000000000000000
00000001111111111111111111100000000000000000000000000000000000000000000000000000000000000000000000000000000000000000000000000000
00000001111111111111111111100000000000000000000000000000000000000000000000000000000000000000000000000000000000000000000000000000
00000001111111111111111111100000000000000000000000000000000000000000000000000000000000000000000000000000000000000000000000000000
00000001111111111111111111100000000000000000000000000000000000000000000000000000000000000000000000000000000000000000000000000000
00000001111111111111111111100000000000000000000000000000000000000000000000000000000000000000000000000000000000000000000000000000
00000001111111111111111111100000000000000000000000000000000000000000000000000000000000000000000000000000000000000000000000000000
00000001111111111111111111110000000000000000000000000000000000000000001111111111111110000000000000000000000000000000000000000000
00000001111111111111111111110000000000000000000000000000000000000000011111111111111111100000000000000000000000000000000000000000
00000001111111111111111111110000000000000000000000000000000000000000111111111111111111110000000000000000000000000000000000000000
00000001111111111111111111110000000000000000000000000000000000000000111111111111111111111110000000000000000000000000000000000000
00000001111111111111111111110000000000000000000000000000000000000001111111111111111111111110000000000000000000000000000000000000
00000001111111111111111111111000000000000000000000000000000000000001111111111111111111111111000000000000000000000000000000000000
00000001111111111111111111110000000000000000000000000000000000000011111111111111111111111111110000000000000000000000000000000000
00000001111111111111111111111000000000000000000000000000000000000011111111111111111111111111111000000000000000000000000000000000
00000001111111111111111111111000000000000000000000000000000000000011111111111111111111111111111100000000000000000000000000000000
00000001111111111111111111111000000000000000000000000000000000000011111111111111111111111111111100000000000000000000000000000000
00000001111111111111111111111100000000000000000000000000000000000011111111111111111111111111111110000000000000000000000000000000
00000001111111111111111111111100000000000000000000000000000000000011111111111111111111111111111111000000000000000000000000000000
00000001111111111111111111111100000000000000000000000000000000000011111111111111111111111111111111000000000000000000000000000000
00000001111111111111111111111100000000000000000000000000000000000011111111111111111111111111111111000000000000000000000000000000
00000001111111111111111111111110000000000000000000000000000000000011111111111111111111111111111111100000000000000000000000000000
00000001111111111111111111111110000000000000000000000000000000000001111111111111111111111111111111100000000000000000000000000000
00000001111111111111111111111110000000000000000000000000000000000001111111111111111111111111111111110000000000000000000000000000
00000001111111111111111111111111000000000000000000000000000000000000111111111111111111111111111111110000000000000000000000000000
00000001111111111111111111111111000000000000000000000000000000000000111111111111111111111111111111111000000000000000000000000000
00000001111111111111111111111111000000000000000000000000000000000000001111111111111111111111111111111000000000000000000000000000
00000001111111111111111111111111100000000000000000000000000000000000000111111111111111111111111111111110000000000000000000000000
00000001111111111111111111111111100000000000000000000000000000000000000011111111111111111111111111111110000000000000000000000000
00000001111111111111111111111111100000000000000000000000000000000000000000111111111111111111111111111110000000000000000000000000
00000001111111111111111111111111110000000000000000011111110000000000000000001111111111111111111111111110000000000000000000000000
00000000111111111111111111111111111100000000000000111111111000000000000000000000001111111111111111111110000000000000000000000000
00000000111111111111111111111111111110000000000001111111111000000000000000000000000001111111111111111110000000000000000000000000
00000000111111111111111111111111111110000000000011111111111111000000000000000000000001111111111111111111000000000000000000000000
00000000111111111111111111111111111111000000000111111111111111100000000000000000000000111111111111111111000000000000000000000000
00000000111111111111111111111111111111110000011111111111111111111100000000000000000001111111111111111111000000000000000000000000
00000000111111111111111111111111111111111111111111111111111111111110000000000000000001111111111111111111000000000000000000000000
00000000111111111111111111111111111111111111111111111111111111111111000000000000000001111111111111111111000000000000000000000000
00000000011111111111111111111111111111111111111111111111111111111111100000000000000001111111111111111111000000000000000000000000
00000000011111111111111111111111111111111111111111111111111111111111110000000000000001111111111111111111000000000000000000000000
00000000011111111111111111111111111111111111111111111111111111111111111100000000000001111111111111111111000000000000000000000000
00000000011111111111111111111111111111111111111111111111111111111111111100000000000001111111111111111111000000000000000000000000
00000000011111111111111111111111111111111111111111111111111111111111111110000000000011111111111111111111000000000000000000000000
00000000001111111111111111111111111111111111111111111111111111111111111111100000000011111111111111111111000000000000000000000000
00000000001111111111111111111111111111111111111111111111111111111111111111111000000011111111111111111111000000000000000000000000
00000000001111111111111111111111111111111111111111111111111111111111111111111111000011111111111111111111000000000000000000000000
00000000001111111111111111111111111111111111111111111111111111111111111111111111111111111111111111111111000000000000000000000000
00000000000111111111111111111111011111111111111111111111111111111111111111111111111111111111111111111111000000000000000000000000
00000000000111111111111111111111011111111111111111111111111111111111111111111111111111111111111111111110000000000000000000000000
00000000000111111111111111111111111111111111111111111111111111111111111111111111111111111111111111111110000000000000000000000000
00000000000011111111111111111111111111111111111111111111111111111111111111111111111111111111111111111110000000000000000000000000
00000000000011111111111111111111111111111111111111111111111111111111111111111111111111111111111111111110000000000000000000000000
00000000000000111111111111111111111111111111111111111111111111111111111111111111111111111111111111111100000000000000000000000000
00000000000000111111111111111111111111111111111111111111111111111111111111111111111111111111111111111100000000000000000000000000
00000000000000011111111111111111111111111111111111111111111111111111111111111111111111111111111111111100000000000000000000000000
00000000000000001111111111111111111111111111111111100001111111111111111111111111111111111111111111111000000000000000000000000000
00000000000000001111111111111111111111111111111111100000111111111111111111111111111111111111111111111000000000000000000000000000
00000000000000001111111111111111111111111111111111000000111111111111111111111111111111111111111111111000000000000000000000000000
00000000000000001111111111111111111111111111111000000000111111111111111111111111111111111111111111110000000000000000000000000000
00000000000000000011111111111111111111111111110000000000001111111111111111111111111111111111111111100000000000000000000000000000
00000000000000000000000000000011111111111111100000000000001111111111111111111111111111111111111111000000000000000000000000000000
00000000000000000000000000000000000000000000000000000000001111111111111111111111111111111111111110000000000000000000000000000000
00000000000000000000000000000000000000000000000000000000000011111111111111111111111111111111111100000000000000000000000000000000
00000000000000000000000000000000000000000000000000000000000001111111111111111111111111111111110000000000000000000000000000000000
00000000000000000000000000000000000000000000000000000000000000111111111111111111111111111110000000000000000000000000000000000000
00000000000000000000000000000000000000000000000000000000000000001111111111111111111111111100000000000000000000000000000000000000
00000000000000000000000000000000000000000000000000000000000000000111111111111111111111110000000000000000000000000000000000000000
00000000000000000000000000000000000000000000000000000000000000000000111111111111111111110000000000000000000000000000000000000000
00000000000000000000000000000000000000000000000000000000000000000000011111111111111111100000000000000000000000000000000000000000
00000000000000000000000000000000000000000000000000000000000000000000000011100000001000000000000000000000000000000000000000000000
00000000000000000000000000000000000000000000000000000000000000000000000000000000000000000000000000000000000000000000000000000000
00000000000000000000000000000000000000000000000000000000000000000000000000000000000000000000000000000000000000000000000000000000
00000000000000000000000000000000000000000000000000000000000000000000000000000000000000000000000000000000000000000000000000000000
00000000000000000000000000000000000000000000000000000000000000000000000000000000000000000000000000000000000000000000000000000000
00000000000000000000000000000000000000000000000000000000000000000000000000000000000000000000000000000000000000000000000000000000
