00000000000000000000000000000000000000000000000000000000000000000000000000000000000000000000000000000000000000000000000000000000
00000000000000000000000000000000000000000000000000000000000000000000000000000000000000000000000000000000000000000000000000000000
00000000000000000000000000000011111111111111110000000000000000000000000000000000000000000001111111100000000000000000000000000000
00000000000000000000000000000111111111111111111000000000000000000000000000000000000000000001111111111100000000000000000000000000
00000000000000000000000000000111111111111111111110000000000000000000000000000000000000000011111111111110000000000000000000000000
00000000000000000000000000001111111111111111111111000000000000000000000000000000000000000111111111111111000000000000000000000000
00000000000000000000000001111111111111111111111111110000000000000000000000000000000000001111111111111111000000000000000000000000
00000000000000000000000001111111111111111111111111111100000000000000000000000000000000001111111111111111000000000000000000000000
00000000000000000000000011111111111111111111111111111111000000000000000000000000000000001111111111111111111000000000000000000000
00000000000000000000000011111111111111111111111111111111110000000000000000000000000000011111111111111111111000000000000000000000
00000000000000000000000011111111111111111111111111111111111100000000000000000000000000011111111111111111111000000000000000000000
00000000000000000000000111111111111111111111111111111111111111000000000000000000000000011111111111111111111100000000000000000000
00000000000000000000000111111111111111111111111111111111111111110000000000000000000000011111111111111111111000000000000000000000
00000000000000000000000111111111111111111111111111111111111111111100000000000000000000011111111111111111111000000000000000000000
00000000000000000000001111111111111111111111111111111111111111111111000000000000000000011111111111111111100000000000000000000000
00000000000000000000001111111111111111111111111111111111111111111111110000000000000000111111111111111110000000000000000000000000
00000000000000000000011111111111111111111111111111111111111111111111111110000000000000111111111111111100000000000000000000000000
00000000000000000000011111111111111111111111111111111111111111111111111111100000000000111111111111111100000000000000000000000000
00000000000000000001111111111111111111111111111111111111111111111111111111111000000000111111111111111100000000000000000000000000
00000000000000000001111111111111111111111111111111111111111111111111111111111110000000111111111111111100000000000000000000000000
00000000000000000001111111111111111111111111111111111111111111111111111111111111111001111111111111111100000000000000000000000000
00000000000000000011111111111111111111111111111111111111111111111111111111111111111001111111111111111100000000000000000000000000
00000000000000000011111111111111111111111111111111111111111111111111111111111111111111111111111111111000000000000000000000000000
00000000000000000011111111111111111111111111111111111111111111111111111111111111111111111111111111111000000000000000000000000000
00000000000000000111111111111111111111111111111111111111111111111111111111111111111111111111111111111100000000000000000000000000
00000000000000000111111111111111111111111111111111111111111111111111111111111111111111111111111111111000000000000000000000000000
00000000000000000111111111111111111111111111111111111111111111111111111111111111111111111111111111111000000000000000000000000000
00000000000000001111111111111111111111111111100001111111111111111111111111111111111111111111111111111000000000000000000000000000
00000000000000001111111111111111111111111110000000011111111111111111111111111111111111111111111111111000000000000000000000000000
00000000000000001111111111111111111111111110000000000111111111111111111111111111111111111111111111111000000000000000000000000000
00000000000000001111111111111111111111111100000000000000111111111111111111111111111111111111111111110000000000000000000000000000
00000000000000001111111111111111111111111000000000000000001111111111111111111111111111111111111111110000000000000000000000000000
00000000000000011111111111111111111111111000000000000000000001111111111111111111111111111111111111110000000000000000000000000000
00000000000000011111111111111111111111111000000000000000000000000111111111111111111111111111111111100000000000000000000000000000
00000000000000011111111111111111111111111000000000000000000000000000111111111111111111111111111111100000000000000000000000000000
00000000000000111111111111111111111111100000000000000000000000000000000111111111111111111111111111100000000000000000000000000000
00000000000000111111111111111111111111100000000000000000000000000000000000011111111111111111111111000000000000000000000000000000
00000000000000111111111111111111111111100000000000000000000000000000000000000000001111111111111111000000000000000000000000000000
00000000000000111111111111111111111111100000000000000000000000000000000000000000000001111111111111000000000000000000000000000000
00000000000000111111111111111111111111100000000000000000000000000000000000000000000000000111111111000000000000000000000000000000
00000000000001111111111111111111111111000000000000000000000000000000000000000000000000000000000000000000000000000000000000000000
00000000000001111111111111111111111110000000000000000000000000000000000000000000000000000000000000000000000000000000000000000000
00000000000001111111111111111111111110000000000000000000000000000000000000000000000000000000000000000000000000000000000000000000
00000000000011111111111111111111111110000000000000000000000000000000000000000000000000000000000000000000000000000000000000000000
00000000000011111111111111111111111100000000000000000000000000000000000001100000101111100000000000000000000000000000000000000000
00000000000011111111111111111111111100000000000000000000000000000000000111111111111111111000000000000000000000000000000000000000
00000000000011111111111111111111111100000000000000000000000000000000011111111111111111111110000000000000000000000000000000000000
00000000000011111111111111111111111000000000000000000000000000000000011111111111111111111111110000000000000000000000000000000000
00000000000111111111111111111111111000000000000000000000000000000001111111111111111111111111111000000000000000000000000000000000
00000000000111111111111111111111111000000000000000000000000000000011111111111111111111111111111100000000000000000000000000000000
00000000001111111111111111111111111000000000000000000000000000000011111111111111111111111111111110000000000000000000000000000000
00000000001111111111111111111111111000000000000000000000000000000011111111111111111111111111111111000000000000000000000000000000
00000000001111111111111111111111111000000000000000000000000000000111111111111111111111111111111111000000000000000000000000000000
00000000001111111111111111111111111000000000000000000000000000000111111111111111111111111111111111000000000000000000000000000000
00000000001111111111111111111111111000000000000000000000000000000111111111111111111111111111111111100000000000000000000000000000
00000000011111111111111111111111111000000000000000000000000000001111111111111111111111111111111111110000000000000000000000000000
00000000001111111111111111111111111000000000000000000000000000001111111111111111111111111111111111111000000000000000000000000000
00000000011111111111111111111111111000000000000000000000000000000111111111111111111111111111111111111000000000000000000000000000
00000000001111111111111111111111111000000000000000000000000000000111111111111111111111111111111111111100000000000000000000000000
00000000001111111111111111111111111000000000000000000000000000000111111111111111111111111111111111111100000000000000000000000000
00000000001111111111111111111111111000000000000000000000000000000111110011111111111111111111111111111100000000000000000000000000
00000000001111111111111111111111111000000000000000000000000000000111110111111111111111111111111111111110000000000000000000000000
00000000001111111111111111111111111000000000000000000000000000000111111111111111111111111111111111111110000000000000000000000000
00000000001111111111111111111111111000000000000000000000000000000111111111111111111111111111111111111110000000000000000000000000
00000000001111111111111111111111111000000000000000000000000000000111111111111111111111111111111111111110000000000000000000000000
00000000001111111111111111111111111000000000000000000000000000001111111111111111111111111111111111111111000000000000000000000000
00000000001111111111111111111111111000000000000000000000000000000111111111111111111111111111111111111111000000000000000000000000
00000000001111111111111111111111111100000000000000000000000000000111111111111111111111111111111111111111000000000000000000000000
00000000011111111111111111111111111100000000000000000000000000000111111111111111111111111111111111111111000000000000000000000000
00000000011111111111111111111111111100000000000000000000000000000111111111111111111110001111111111111111000000000000000000000000
00000000001111111111111111111111111110000000000000000000000000000001111111111111111100001111111111111111000000000000000000000000
00000000001111111111111111111111111110000000000000000000000000000000011111111111110000000011111111111111000000000000000000000000
00000000001111111111111111111111111110000000000000000000000000000000000000000000000000000011111111111111100000000000000000000000
00000000000111111111111111111111111110000000000000000000000000000000000000000000000000000011111111111111100000000000000000000000
00000000000111111111111111111111111110000000000000000000000000000000000000000000000000000001111111111111100000000000000000000000
00000000000111111111111111111111111111000000000000000000000000000000000000000000000000000001111111111111100000000000000000000000
00000000000111111111111111111111111111000000000000000000000000000000000000000000000000000000111111111111100000000000000000000000
00000000000011111111111111111111111111000000000000000000000000000000000000000000000000000000111111111111110000000000000000000000
00000000000011111111111111111111111111000000000000000000000000000000000000000000000000000000111111111111110000000000000000000000
00000000000011111111111111111111111111100000000000000000000000000000000000000000000000000000111111111111110000000000000000000000
00000000000001111111111111111111111111100000000000000000000000000000000000000000000000000000111111111111111000000000000000000000
00000000000001111111111111111111111111100000000000000000000000000000000000000000000000000000011111111111111000000000000000000000
00000000000001111111111111111111111111100000000000000000000000000000000000000000000000000000011111111111111000000000000000000000
00000000000000111111111111111111111111100000000000000000000000000000000000000000000000000000011111111111111000000000000000000000
00000000000000111111111111111111111111100000000000000000000000000000000000000000000000000000011111111111111000000000000000000000
00000000000000111111111111111111111111100000000000000000000000000000000000000000000000000000011111111111111000000000000000000000
00000000000000011111111111111111111111110000000000000000000000000000001111111111000000000000011111111111111000000000000000000000
00000000000000001111111111111111111111110000000000000000000000000000011111111111100000000000011111111111111000000000000000000000
00000000000000001111111111111111111111111000000000000000000000000111111111111111111100000000011111111111111000000000000000000000
00000000000000000111111111111111111111111000000000000000000000011111111111111111111111100000011111111111111000000000000000000000
00000000000000000111111111111111111111111100000000000000000000111111111111111111111111111000011111111111111100000000000000000000
00000000000000000011111111111111111111111110000000000000000011111111111111111111111111111000011111111111111100000000000000000000
00000000000000000011111111111111111111111111000000000000001111111111111111111111111111111111111111111111111100000000000000000000
00000000000000000011111111111111111111111111111000000000011111111111111111111111111111111111111111111111111100000000000000000000
00000000000000000011111111111111111111111111111000011111111111111111111111111111111111111111111111111111111100000000000000000000
00000000000000000011111111111111111111111111111111111111111111111111111111111111111111111111111111111111111100000000000000000000
00000000000000000000111111111111111111111111111111111111111111111111111111111111111111111111111111111111111100000000000000000000
00000000000000000000111111111111111111111111111111111111111111111111111111111111111111111111111111111111111100000000000000000000
00000000000000000000111111111111111111111111111111111111111111111111111111111111111111111111111111111111111100000000000000000000
00000000000000000000111111111111111111111111111111111111111111111111111111111111111111111111111111111111111110000000000000000000
00000000000000000000111111111111111111111111111111111111111111111111111111111111111111111111111111111111111110000000000000000000
00000000000000000000011111111111111111111101111111111111111111111111111111111111111111111111111111111111111110000000000000000000
00000000000000000000011111111111111111111101111111111111111111111111111111111111111111111111111111111111111110000000000000000000
00000000000000000000001111111111111111111111111111111111111111111111111111111111111111111111111111111111111110000000000000000000
00000000000000000000001111111111111111111111111111111111111111111111111111111111111111111111111111111111111110000000000000000000
00000000000000000000001111111111111111111111111111111111111111111111111111111111111111111111111111111111111110000000000000000000
00000000000000000000001111111111111111111111111111111111111111111111111111111011111111111111111111111111111110000000000000000000
00000000000000000000001111111111111111111111111111111111111111111111111111110000111111111111111111111111111110000000000000000000
00000000000000000000001111111111111111111111111111111111111111111111111111000000001111111111111111111111111110000000000000000000
00000000000000000000000111111111111111111111111111111111111111111111111110000000000011111111111111111111111110000000000000000000
00000000000000000000000001111111111111111111111111111111111111111111111000000000000000011111111111111111111110000000000000000000
00000000000000000000000000111111111111111111111111111111111111111111110000000000000000001111111111111111111100000000000000000000
00000000000000000000000000011111111111111111111111111111111111111111000000000000000000000001111111111111111000000000000000000000
00000000000000000000000000000111111111111111111111111111111111111111000000000000000000000000011111111111111000000000000000000000
00000000000000000000000000000000111111111111111111111111111111111000000000000000000000000000000111111111111000000000000000000000
00000000000000000000000000000000000011111111111111111111111111100000000000000000000000000000000000000000000000000000000000000000
00000000000000000000000000000000000001111111111111111111111110000000000000000000000000000000000000000000000000000000000000000000
00000000000000000000000000000000000000000001100000000001000000000000000000000000000000000000000000000000000000000000000000000000
00000000000000000000000000000000000000000000000000000000000000000000000000000000000000000000000000000000000000000000000000000000
00000000000000000000000000000000000000000000000000000000000000000000000000000000000000000000000000000000000000000000000000000000
00000000000000000000000000000000000000000000000000000000000000000000000000000000000000000000000000000000000000000000000000000000
00000000000000000000000000000000000000000000000000000000000000000000000000000000000000000000000000000000000000000000000000000000
00000000000000000000000000000000000000000000000000000000000000000000000000000000000000000000000000000000000000000000000000000000
00000000000000000000000000000000000000000000000000000000000000000000000000000000000000000000000000000000000000000000000000000000
00000000000000000000000000000000000000000000000000000000000000000000000000000000000000000000000000000000000000000000000000000000
00000000000000000000000000000000000000000000000000000000000000000000000000000000000000000000000000000000000000000000000000000000
00000000000000000000000000000000000000000000000000000000000000000000000000000000000000000000000000000000000000000000000000000000
00000000000000000000000000000000000000000000000000000000000000000000000000000000000000000000000000000000000000000000000000000000
