00000000000000000000000000000000000000000000000000000000000000000000000000000000000000000000000000000000000000000000000000000000
00000000000000000000000000000000000000000000000000000000000000000000000000000000000000000000000000000000000000000000000000000000
00000000000000000000000000000000000000000000000000000000000000000000000000000000000000000000000000000000000000000000000000000000
00000000000000000000000000000000000000000000000000000000000000000000000000000000000000000000000000000000000000000000000000000000
00000000000000000000000000000000000000000000000110000001000000000000000000000000000000000000000000000000000000000000000000000000
00000000000000000000000000000000000000000001111111111111111110000000000000000000000000000000000000000000000000000000000000000000
00000000000000000000000000000000000000000011111111111111111111000000000000000000000011111111111100000000000000000000000000000000
00000000000000000000000000000000000000000111111111111111111111110000000000000000000111111111111111000000000000000000000000000000
00000000000000000000000000000000000000011111111111111111111111111100000000000000000111111111111111100000000000000000000000000000
00000000000000000000000000000000000000111111111111111111111111111111000000000000001111111111111111100000000000000000000000000000
00000000000000000000000000000000000001111111111111111111111111111111000000000000011111111111111111110000000000000000000000000000
00000000000000000000000000000000001111111111111111111111111111111111111100000000111111111111111111110000000000000000000000000000
00000000000000000000000000000000011111111111111111111111111111111111111100000000111111111111111111100000000000000000000000000000
00000000000000000000000000000000011111111111111111111111111111111111111111100000111111111111111111100000000000000000000000000000
00000000000000000000000000000000111111111111111111111111111111111111111111111001111111111111111111100000000000000000000000000000
00000000000000000000000000000001111111111111111111111111111111111111111111111111111111111111111111100000000000000000000000000000
00000000000000000000000000000111111111111111111111111111111111111111111111111111111111111111111111100000000000000000000000000000
00000000000000000000000000000111111111111111111111111111111111111111111111111111111111111111111111100000000000000000000000000000
00000000000000000000000011111111111111111111111111111111111111111111111111111111111111111111111110000000000000000000000000000000
00000000000000000000000011111111111111111111111111111111111111111111111111111111111111111111111110000000000000000000000000000000
00000000000000000000000011111111111111111111111111111111111111111111111111111111111111111111111100000000000000000000000000000000
00000000000000000000001111111111111111111111111111111111111111111111111111111111111111111111111100000000000000000000000000000000
00000000000000000000001111111111111111111111111111111111111111111111111111111111111111111111111100000000000000000000000000000000
00000000000000000000011111111111111111111111111111111111111111111111111111111111111111111111111100000000000000000000000000000000
00000000000000000000111111111111111111111111111111111111111111111111111111111111111111111111111000000000000000000000000000000000
00000000000000000000111111111111111111111111111111111111111111111111111111111111111111111111111000000000000000000000000000000000
00000000000000000001111111111111111111111111111111111111111111111111111111111111111111111111111000000000000000000000000000000000
00000000000000000001111111111111111111111111111111111111111111111111111111111111111111111111111000000000000000000000000000000000
00000000000000000011111111111111111111111111110000001111111111111111111111111111111111111111110000000000000000000000000000000000
00000000000000000011111111111111111111111111110000000000001111111111111111111111111111111111110000000000000000000000000000000000
00000000000000000111111111111111111111111111100000000000000000111111111111111111111111111111100000000000000000000000000000000000
00000000000000000111111111111111111111111111000000000000000000001111111111111111111111111111000000000000000000000000000000000000
00000000000000001111111111111111111111111111000000000000000000000000111111111111111111111110000000000000000000000000000000000000
00000000000000011111111111111111111111111110000000000000000000000000001111111111111111111100000000000000000000000000000000000000
00000000000000011111111111111111111111111110000000000000000000000000000011111111111111111000000000000000000000000000000000000000
00000000000000011111111111111111111111111100000000000000000000000000000000011111111111110000000000000000000000000000000000000000
00000000000000011111111111111111111111111100000000000000000000000000000000000001000000000000000000000000000000000000000000000000
00000000000000011111111111111111111111111100000000000000000000000000000000000000000000000000000000000000000000000000000000000000
00000000000000011111111111111111111111111000000000000000000000000000000000000000000000000000000000000000000000000000000000000000
00000000000000011111111111111111111111111000000000000000000000000000000000000000000000000000000000000000000000000000000000000000
00000000000000011111111111111111111111111000000000000000000000000000000000000000000000000000000000000000000000000000000000000000
00000000000000111111111111111111111111110000000000000000000000000000000000000000000000000000000000000000000000000000000000000000
00000000000000011111111111111111111111110000000000000000000000000000000000000000000000000000000000000000000000000000000000000000
00000000000000011111111111111111111111110000000000000000000000000000000000000000000000000000000000000000000000000000000000000000
00000000000000011111111111111111111111110000000000000000000000000000000000000100000000000000000000000000000000000000000000000000
00000000000000011111111111111111111111100000000000000000000000000000000000111111111111000000000000000000000000000000000000000000
00000000000000011111111111111111111111100000000000000000000000000000000011111111111111110001100000000000000000000000000000000000
00000000000000011111111111111111111111100000000000000000000000000000000011111111111111111111111100000000000000000000000000000000
00000000000000011111111111111111111111100000000000000000000000000000000111111111111111111111111110000000000000000000000000000000
00000000000000111111111111111111111111100000000000000000000000000000001111111111111111111111111110000000000000000000000000000000
00000000000000111111111111111111111111000000000000000000000000000000001111111111111111111111111111000000000000000000000000000000
00000000000000111111111111111111111111000000000000000000000000000000011111111111111111111111111111100000000000000000000000000000
00000000000000111111111111111111111111000000000000000000000000000000011111111111111111111111111111100000000000000000000000000000
00000000000000111111111111111111111111000000000000000000000000000000011111111111111111111111111111110000000000000000000000000000
00000000000000111111111111111111111111000000000000000000000000000000111111111111111111111111111111110000000000000000000000000000
00000000000001111111111111111111111111000000000000000000000000000000111111111111111111111111111111111000000000000000000000000000
00000000000001111111111111111111111110000000000000000000000000000000111111111111111111111111111111111000000000000000000000000000
00000000000001111111111111111111111110000000000000000000000000000000111111111111111111111111111111111100000000000000000000000000
00000000000001111111111111111111111110000000000000000000000000000000111111111111111111111111111111111110000000000000000000000000
00000000000001111111111111111111111110000000000000000000000000000000111111111111111111111111111111111110000000000000000000000000
00000000000001111111111111111111111110000000000000000000000000000000111111111111111111111111111111111111000000000000000000000000
00000000000001111111111111111111111110000000000000000000000000000000111111111111111111111111111111111111000000000000000000000000
00000000000001111111111111111111111110000000000000000000000000000000111111111111111111111111111111111111100000000000000000000000
00000000000001111111111111111111111110000000000000000000000000000001111111111111111111111111111111111111110000000000000000000000
00000000000001111111111111111111111110000000000000000000000000000000111111111111111111111111111111111111110000000000000000000000
00000000000001111111111111111111111110000000000000000000000000000000111111111111111111111111111111111111111000000000000000000000
00000000000001111111111111111111111110000000000000000000000000000000111111111111111111111111111111111111111000000000000000000000
00000000000001111111111111111111111110000000000000000000000000000000011111111111111111111111111111111111111100000000000000000000
00000000000001111111111111111111111111000000000000000000000000000000001111111111111111111111111111111111111100000000000000000000
00000000000001111111111111111111111111000000000000000000000000000000001111111111111111111111111111111111111110000000000000000000
00000000000001111111111111111111111111100000000000000000000000000000000111111111111111111111111111111111111110000000000000000000
00000000000000111111111111111111111111100000000000000000000000000000000111111111111111111111111111111111111110000000000000000000
00000000000000111111111111111111111111100000000000000000000000000000000001111111111111111111111111111111111111000000000000000000
00000000000000111111111111111111111111100000000000000000000000000000000001111111111111001111111111111111111111000000000000000000
00000000000000111111111111111111111111110000000000000000000000000000000000111111111110001111111111111111111111000000000000000000
00000000000000111111111111111111111111110000000000000000000000000000000000011111111000000111111111111111111111000000000000000000
00000000000000011111111111111111111111110000000000000000000000000000000000011111110000000111111111111111111111000000000000000000
00000000000000011111111111111111111111110000000000000000000000000000000000000000000000000111111111111111111111000000000000000000
00000000000000011111111111111111111111110000000000000000000000000000000000000000000000000111111111111111111111000000000000000000
00000000000000011111111111111111111111111000000000000000000000000111100000000000000000000111111111111111111111000000000000000000
00000000000000011111111111111111111111111000000000000000000000011111111111000000000000000011111111111111111111000000000000000000
00000000000000001111111111111111111111111100000000000000000000111111111111111100000000000011111111111111111111000000000000000000
00000000000000001111111111111111111111111110000000000000000000111111111111111111100000100011111111111111111111000000000000000000
00000000000000001111111111111111111111111110000000000000000001111111111111111111111111111111111111111111111111100000000000000000
00000000000000001111111111111111111111111111000000000000000001111111111111111111111111111111111111111111111111100000000000000000
00000000000000001111111111111111111111111111000000000000000011111111111111111111111111111111111111111111111111100000000000000000
00000000000000001111111111111111111111111111100000000000000111111111111111111111111111111111111111111111111111100000000000000000
00000000000000000111111111111111111111111111110000000000001111111111111111111111111111111111111111111111111111100000000000000000
00000000000000000111111111111111111111111111111100000011111111111111111111111111111111111111111111111111111111100000000000000000
00000000000000000111111111111111111111111111111111100111111111111111111111111111111111111111111111111111111111100000000000000000
00000000000000000011111111111111111111111111111111111111111111111111111111111111111111111111111111111111111111100000000000000000
00000000000000000011111111111111111111111111111111111111111111111111111111111111111111111111111111111111111111100000000000000000
00000000000000000011111111111111111111111111111111111111111111111111111111111111111111111111111111111111111111100000000000000000
00000000000000000001111111111111111111111111111111111111111111111111111111111111111111111111111111111111111111100000000000000000
00000000000000000001111111111111111111111111111111111111111111111111111111111111111111111111111111111111111111100000000000000000
00000000000000000001111111111111111111111111111111111111111111111111111111111111111111111111111111111111111111100000000000000000
00000000000000000000111111111111111111111111111111111111111111111111111111111111111111111111111111111111111111100000000000000000
00000000000000000000111111111111111111111111111111111111111111111111111111111111111111111111111111111111111111100000000000000000
00000000000000000000011111111111111111111111111111111111111111111111111111111111111111111111111111111111111111100000000000000000
00000000000000000000011111111111111111111111111111111111111111111111111111111111111111111111111111111111111111100000000000000000
00000000000000000000011111111111111111111111111111111111111111111111111111111111111111111111111111111111111111100000000000000000
00000000000000000000001111111111111111111111111111111111111111111111111111111111111111111111111111111111111111000000000000000000
00000000000000000000000111111111111111111111111111111111111111111111111111111111111111111111111111111111111111000000000000000000
00000000000000000000001111111111111111111111111111111111111111111111111111111111111111111111111111111111111111000000000000000000
00000000000000000000000111111111111111111111111111111111111111111111100111111111111111111111111111111111111111000000000000000000
00000000000000000000000111111111111111111111111111111111111111111110000000111111111111111111111111111111111110000000000000000000
00000000000000000000000111111111111111111111111111111111111111111110000000001111111111111111111111111111111110000000000000000000
00000000000000000000000011111111111111111111111111111111111111111100000000001111111111111111111111111111111110000000000000000000
00000000000000000000000001111111111111111111111111111111111111111100000000000001111111111111111111111111111100000000000000000000
00000000000000000000000000111111111111111111111111111111111111110000000000000000011111111111111111111111111100000000000000000000
00000000000000000000000000111111111111111111111111111111111111110000000000000000001111111111111111111111111100000000000000000000
00000000000000000000000000011111111111111111111111111111111111100000000000000000000111111111111111111111111000000000000000000000
00000000000000000000000000011111111111111111111111111111111110000000000000000000000001111111111111111111111000000000000000000000
00000000000000000000000000000111111111111111111111111111111100000000000000000000000000111111111111111111111000000000000000000000
00000000000000000000000000000011111111111111111111111111100000000000000000000000000000000111111111111111110000000000000000000000
00000000000000000000000000000011111111111111111111111110000000000000000000000000000000000000111111111111110000000000000000000000
00000000000000000000000000000001111111111111111111111100000000000000000000000000000000000000000000001111110000000000000000000000
00000000000000000000000000000000001111111111111111000000000000000000000000000000000000000000000000000000000000000000000000000000
00000000000000000000000000000000000000000000000000000000000000000000000000000000000000000000000000000000000000000000000000000000
00000000000000000000000000000000000000000000000000000000000000000000000000000000000000000000000000000000000000000000000000000000
00000000000000000000000000000000000000000000000000000000000000000000000000000000000000000000000000000000000000000000000000000000
00000000000000000000000000000000000000000000000000000000000000000000000000000000000000000000000000000000000000000000000000000000
00000000000000000000000000000000000000000000000000000000000000000000000000000000000000000000000000000000000000000000000000000000
00000000000000000000000000000000000000000000000000000000000000000000000000000000000000000000000000000000000000000000000000000000
00000000000000000000000000000000000000000000000000000000000000000000000000000000000000000000000000000000000000000000000000000000
00000000000000000000000000000000000000000000000000000000000000000000000000000000000000000000000000000000000000000000000000000000
00000000000000000000000000000000000000000000000000000000000000000000000000000000000000000000000000000000000000000000000000000000
00000000000000000000000000000000000000000000000000000000000000000000000000000000000000000000000000000000000000000000000000000000
