00000000000000000000000000000000000000000000000000000000000000000000000000000000000000000000000000000000000000000000000000000000
00000000000000000000000000000000000000000000000000000000000000000000000000000000000000000000000000000000000000000000000000000000
00000000000000000000000000000000000000000000000000000000000000000000000000000000000000000000000000000000000000000000000000000000
00000000000000000000000000000000000000000000000000000000000000000000000000011111111110000000000000000000000000000000000000000000
00000000000000000000000000000000000000000000000000000000000000000000000000111111111110000000000000000000000000000000000000000000
00000000000000000000000000000000000000000000000000000000000000000000000011111111111111100000000000000000000000000000000000000000
00000000000000000000000000000000000000000000000000000000000000000000000011111111111111100000000000000000000000000000000000000000
00000000000000000000000000000000000000000000000000000000000000000000000111111111111111111110000000000000000000000000000000000000
00000000000000000000000000000000000000000000000000000000000000000000000111111111111111111110000000000000000000000000000000000000
00000000000000000000000000000000000000000000000000000000000000000000000111111111111111111110000000000000000000000000000000000000
00000000000000000000000000000000000000000000000000000000000000000000001111111111111111111110000000000000000000000000000000000000
00000000000000000000000000000000000000000000000000000000000000000000001111111111111111111110000000000000000000000000000000000000
00000000000000000000000000000000000000000000000000000000000000000000001111111111111111111100000000000000000000000000000000000000
00000000000000000000000000000000000000001000000000000000000000000000001111111111111111111100000000000000000000000000000000000000
00000000000000000000000000000000000111111111111110000000000000000000001111111111111111111000000000000000000000000000000000000000
00000000000000000000000000000000111111111111111111110000000000000000011111111111111111111000000000000000000000000000000000000000
00000000000000000000000000000001111111111111111111111100000000000000011111111111111111111000000000000000000000000000000000000000
00000000000000000000000000000001111111111111111111111111110000000000011111111111111111111000000000000000000000000000000000000000
00000000000000000000000000000111111111111111111111111111111110000000011111111111111111111000000000000000000000000000000000000000
00000000000000000000000000001111111111111111111111111111111111100000011111111111111111111000000000000000000000000000000000000000
00000000000000000000000000011111111111111111111111111111111111111000011111111111111111111000000000000000000000000000000000000000
00000000000000000000000000111111111111111111111111111111111111111111111111111111111111111000000000000000000000000000000000000000
00000000000000000000000001111111111111111111111111111111111111111111111111111111111111111000000000000000000000000000000000000000
00000000000000000000000011111111111111111111111111111111111111111111111111111111111111111000000000000000000000000000000000000000
00000000000000000000001111111111111111111111111111111111111111111111111111111111111111111000000000000000000000000000000000000000
00000000000000000000001111111111111111111111111111111111111111111111111111111111111111111000000000000000000000000000000000000000
00000000000000000000011111111111111111111111111111111111111111111111111111111111111111111000000000000000000000000000000000000000
00000000000000000000011111111111111111111111111111111111111111111111111111111111111111111000000000000000000000000000000000000000
00000000000000000000011111111111111111111111111111111111111111111111111111111111111111111000000000000000000000000000000000000000
00000000000000000001111111111111111111111111111111111111111111111111111111111111111111111000000000000000000000000000000000000000
00000000000000000001111111111111111111111111111111111111111111111111111111111111111111111000000000000000000000000000000000000000
00000000000000000011111111111111111111111111111111111111111111111111111111111111111111110000000000000000000000000000000000000000
00000000000000000011111111111111111111111111111111111111111111111111111111111111111111110000000000000000000000000000000000000000
00000000000000000011111111111111111111111111111111111111111111111111111111111111111111100000000000000000000000000000000000000000
00000000000000000111111111111111111111111111111111111111111111111111111111111111111111000000000000000000000000000000000000000000
00000000000000000111111111111111111111111111111111111111111111111111111111111111111111000000000000000000000000000000000000000000
00000000000000000111111111111111111111111111111111111111111111111111111111111111111111000000000000000000000000000000000000000000
00000000000000001111111111111111111000011111111111111111111111111111111111111111111110000000000000000000000000000000000000000000
00000000000000001111111111111111111000000011111111111111111111111111111111111111111100000000000000000000000000000000000000000000
00000000000000001111111111111111111000000000111111111111111111111111111111111111111000000000000000000000000000000000000000000000
00000000000000001111111111111111111000000000001111111111111111111111111111111111110000000000000000000000000000000000000000000000
00000000000000011111111111111111111000000000000011111111111111111111111111111111100000000000000000000000000000000000000000000000
00000000000000011111111111111111111000000000000001111111111111111111111111111111000000000000000000000000000000000000000000000000
00000000000000011111111111111111111000000000000000011111111111111111111111111110000000000000000000000000000000000000000000000000
00000000000000011111111111111111111000000000000000000111111111111111111111000000000000000000000000000000000000000000000000000000
00000000000000011111111111111111111000000000000000000011111111111111111110000000000000000000000000000000000000000000000000000000
00000000000000011111111111111111111000000000000000000000111111111111100000000000000000000000000000000000000000000000000000000000
00000000000000011111111111111111111000000000000000000000000100000000000000000000000000000000000000000000000000000000000000000000
00000000000000011111111111111111111000000000000000000000000000000000000000000000000000000000000000000000000000000000000000000000
00000000000000111111111111111111111000000000000000000000000000000000000000000000000000000000000000000000000000000000000000000000
00000000000000111111111111111111111000000000000000000000000000000000000000000000000000000000000000000000000000000000000000000000
00000000000000111111111111111111111000000000000000000000000000000000000000000000001111111111111100000000000000000000000000000000
00000000000000111111111111111111111000000000000000000000000000000000000000000001111111111111111111000000000000000000000000000000
00000000000001111111111111111111111000000000000000000000000000000000000000000011111111111111111111110000000000000000000000000000
00000000000001111111111111111111111000000000000000000000000000000000000000000111111111111111111111110000000000000000000000000000
00000000000001111111111111111111111000000000000000000000000000000000000000000111111111111111111111111000000000000000000000000000
00000000000001111111111111111111111000000000000000000000000000000000000000001111111111111111111111111000000000000000000000000000
00000000000001111111111111111111111000000000000000000000000000000000000000111111111111111111111111111000000000000000000000000000
00000000000001111111111111111111111000000000000000000000000000000000000000111111111111111111111111111100000000000000000000000000
00000000000001111111111111111111111000000000000000000000000000000000000001111111111111111111111111111100000000000000000000000000
00000000000001111111111111111111111000000000000000000000000000000000000001111111111111111111111111111100000000000000000000000000
00000000000001111111111111111111111100000000000000000000000000000000000001111111111111111111111111111110000000000000000000000000
00000000000001111111111111111111111110000000000000000000000000000000000011111111111111111111111111111110000000000000000000000000
00000000000001111111111111111111111110000000000000000000000000000000000011111111111111111111111111111111000000000000000000000000
00000000000001111111111111111111111110000000000000000000000000000000000011111111111111111111111111111111000000000000000000000000
00000000000001111111111111111111111110000000000000000000000000000000000011111111111111111111111111111111000000000000000000000000
00000000000001111111111111111111111110000000000000000000000000000000000011111111111111111111111111111111000000000000000000000000
00000000000001111111111111111111111110000000000000000000000000000000000011111111111111111111111111111111000000000000000000000000
00000000000001111111111111111111111110000000000000000000000000000000000011111111111111111111111111111111100000000000000000000000
00000000000001111111111111111111111111000000000000000000000000000000000011111111111111111111111111111111100000000000000000000000
00000000000001111111111111111111111111000000000000000000000000000000000011111111111111111111111111111111100000000000000000000000
00000000000001111111111111111111111111000000000000000000000000000000000011111111111111111111111111111111110000000000000000000000
00000000000001111111111111111111111111000000000000000000000000000000000011111111111111111111111111111111110000000000000000000000
00000000000001111111111111111111111111100000000000000000000000000000000001111111111111111111111111111111111000000000000000000000
00000000000001111111111111111111111111100000000000000000000000000000000000011111111111111111111111111111111000000000000000000000
00000000000001111111111111111111111111100000000000000000000000000000000000000000000100001111111111111111111000000000000000000000
00000000000001111111111111111111111111110000000000000000000000000000000000000000000000001111111111111111111000000000000000000000
00000000000001111111111111111111111111110000000000000000000000000000000000000000000000001111111111111111111000000000000000000000
00000000000001111111111111111111111111110000000000000000000000000000000000000000000000001111111111111111111000000000000000000000
00000000000001111111111111111111111111110000000000000000000000000000000000000000000000001111111111111111111000000000000000000000
00000000000001111111111111111111111111110000000000000000000000000010001000000000000000001111111111111111111000000000000000000000
00000000000001111111111111111111111111110000000000000000000000001111111110000000000000001111111111111111111000000000000000000000
00000000000000111111111111111111111111110000000000000000000000011111111111100000000000001111111111111111111000000000000000000000
00000000000000111111111111111111111111110000000000000000000001111111111111110000000000001111111111111111111000000000000000000000
00000000000000111111111111111111111111111000000000000000001111111111111111111000000000001111111111111111111000000000000000000000
00000000000000011111111111111111111111111000000000000000001111111111111111111100000000001111111111111111111000000000000000000000
00000000000000011111111111111111111111111000000000000000011111111111111111111110000000001111111111111111111000000000000000000000
00000000000000001111111111111111111111111000000000000000111111111111111111111110000000001111111111111111111000000000000000000000
00000000000000001111111111111111111111111100000000000001111111111111111111111111000000001111111111111111111000000000000000000000
00000000000000001111111111111111111111111100000000000011111111111111111111111111100000001111111111111111111000000000000000000000
00000000000000001111111111111111111111111100000000000011111111111111111111111111100000001111111111111111111000000000000000000000
00000000000000000111111111111111111111111100000000001111111111111111111111111111111000001111111111111111111000000000000000000000
00000000000000000111111111111111111111111110000000001111111111111111111111111111111100001111111111111111111000000000000000000000
00000000000000000111111111111111111111111110000000001111111111111111111111111111111111111111111111111111110000000000000000000000
00000000000000000011111111111111111111111110000001111111111111111111111111111111111111111111111111111111111000000000000000000000
00000000000000000011111111111111111111111111000001111111111111111111111111111111111111111111111111111111110000000000000000000000
00000000000000000011111111111111111111111111000011111111111111111111111111111111111111111111111111111111110000000000000000000000
00000000000000000001111111111111111111111111100111111111111111111111111111111111111111111111111111111111110000000000000000000000
00000000000000000001111111111111111111111111111111111111111111111111111111111111111111111111111111111111110000000000000000000000
00000000000000000001111111111111111111111111111111111111111111111111111111111111111111111111111111111111100000000000000000000000
00000000000000000001111111111111111111111111111111111111111111111111111111111111111111111111111111111111100000000000000000000000
00000000000000000001111111111111111111111111111111111111111111111111111111111111111111111111111111111111100000000000000000000000
00000000000000000001111111111111111111111111111111111111111111111111111111111111111111111111111111111111100000000000000000000000
00000000000000000000111111111111111111111111111111111111111111111111111111111111111111111111111111111111100000000000000000000000
00000000000000000000011111111111111111111111111111111111111111111111000011111111111111111111111111111111100000000000000000000000
00000000000000000000011111111111111111111111111111111111111111111110000000111111111111111111111111111111100000000000000000000000
00000000000000000000001111111111111111111111111111111111111111111110000000001111111111111111111111111111100000000000000000000000
00000000000000000000001111111111111111111111111111111111111111111100000000001111111111111111111111111111000000000000000000000000
00000000000000000000000111111111111111111111111111111111111111111100000000000111111111111111111111111111000000000000000000000000
00000000000000000000000011111111111111111111111111111111111111111000000000000000111111111111111111111111000000000000000000000000
00000000000000000000000001111111111111111111111111111111111111111000000000000000111111111111111111111111000000000000000000000000
00000000000000000000000000111111111111111111111111111111111111110000000000000000111111111111111111111110000000000000000000000000
00000000000000000000000000011111111111111111111111111111111111110000000000000000000111111111111111111100000000000000000000000000
00000000000000000000000000011111111111111111111111111111111111100000000000000000000000111111111111111100000000000000000000000000
00000000000000000000000000001111111111111111111111111111111111100000000000000000000000011111111111111100000000000000000000000000
00000000000000000000000000000001111111111111111111111111111111000000000000000000000000000001000001000000000000000000000000000000
00000000000000000000000000000001111111111111111111111111111110000000000000000000000000000000000000000000000000000000000000000000
00000000000000000000000000000001111111111111111111111111110000000000000000000000000000000000000000000000000000000000000000000000
00000000000000000000000000000000011111111111111111111111000000000000000000000000000000000000000000000000000000000000000000000000
00000000000000000000000000000000000111111111111111111000000000000000000000000000000000000000000000000000000000000000000000000000
00000000000000000000000000000000000000000000000000000000000000000000000000000000000000000000000000000000000000000000000000000000
00000000000000000000000000000000000000000000000000000000000000000000000000000000000000000000000000000000000000000000000000000000
00000000000000000000000000000000000000000000000000000000000000000000000000000000000000000000000000000000000000000000000000000000
00000000000000000000000000000000000000000000000000000000000000000000000000000000000000000000000000000000000000000000000000000000
00000000000000000000000000000000000000000000000000000000000000000000000000000000000000000000000000000000000000000000000000000000
00000000000000000000000000000000000000000000000000000000000000000000000000000000000000000000000000000000000000000000000000000000
00000000000000000000000000000000000000000000000000000000000000000000000000000000000000000000000000000000000000000000000000000000
00000000000000000000000000000000000000000000000000000000000000000000000000000000000000000000000000000000000000000000000000000000
