00000000000000000000000000000000000000000000000000000000000000000000000000000000000000000000000000000000000000000000000000000000
00000000000000000000000000000000000000000000000000000000000000000000000000000000000000000000000000000000000000000000000000000000
00000000000000000000000000000000000000000000000000000000000000000000000000000000000001000000000000000000000000000000000000000000
00000000000000000000000000000000000000000000000000000000000000000000000000000000001111111111111100000000000000000000000000000000
00000000000000000000000000000000000000000000000000000000000000000000000000000000111111111111111111000000000000000000000000000000
00000000000000000000000000000000000000000000000000000000000000000000000000000001111111111111111111111110000000000000000000000000
00000000000000000000000000000000000000000000000000000000000000000000000000000001111111111111111111111110000000000000000000000000
00000000000000000000000000000000000000000000000000000000000000000000000000000001111111111111111111111110000000000000000000000000
00000000000000000000000000000000000000000000000000000000000000000000000000000001111111111111111111111111000000000000000000000000
00000000000000000000000000000000000000000000000000000000000000000000000000000001111111111111111111111110000000000000000000000000
00000000000000000000000000000000000000000000000000000000000000000000000000000001111111111111111111111110000000000000000000000000
00000000000000000000000000000000000000000000000000000000000000000000000000000001111111111111111111111100000000000000000000000000
00000000000000000000000000000000000000000000000000000000000000000000000000000001111111111111111111111100000000000000000000000000
00000000000000000000000000000000000000000000000000000000000000000000000000000001111111111111111111111000000000000000000000000000
00000000000000000000000000000000000000000000000000000000000000000000000000000011111111111111111111111000000000000000000000000000
00000000000000000000000000000000000000000000000000000000000000000000000000000011111111111111111111100000000000000000000000000000
00000000000000000000000000000001100000011000000110000000000000000000000000000011111111111111111111100000000000000000000000000000
00000000000000000000000000011111111111111111111111111100000000000000000000000011111111111111111111110000000000000000000000000000
00000000000000000000000011111111111111111111111111111111100000000000000000000011111111111111111111100000000000000000000000000000
00000000000000000000000011111111111111111111111111111111111111100000000000000011111111111111111111100000000000000000000000000000
00000000000000000000000111111111111111111111111111111111111111111110000000000111111111111111111111100000000000000000000000000000
00000000000000000000011111111111111111111111111111111111111111111111111111000111111111111111111111100000000000000000000000000000
00000000000000000001111111111111111111111111111111111111111111111111111111111111111111111111111111000000000000000000000000000000
00000000000000000011111111111111111111111111111111111111111111111111111111111111111111111111111111000000000000000000000000000000
00000000000000000111111111111111111111111111111111111111111111111111111111111111111111111111111111000000000000000000000000000000
00000000000000001111111111111111111111111111111111111111111111111111111111111111111111111111111111000000000000000000000000000000
00000000000000001111111111111111111111111111111111111111111111111111111111111111111111111111111110000000000000000000000000000000
00000000000000001111111111111111111111111111111111111111111111111111111111111111111111111111111110000000000000000000000000000000
00000000000000011111111111111111111111111111111111111111111111111111111111111111111111111111111110000000000000000000000000000000
00000000000001111111111111111111111111111111111111111111111111111111111111111111111111111111111110000000000000000000000000000000
00000000000001111111111111111111111111111111111111111111111111111111111111111111111111111111111100000000000000000000000000000000
00000000000001111111111111111111111111111111111111111111111111111111111111111111111111111111111100000000000000000000000000000000
00000000000011111111111111111111111111111111111111111111111111111111111111111111111111111111111100000000000000000000000000000000
00000000000111111111111111111111111111111111111111111111111111111111111111111111111111111111111100000000000000000000000000000000
00000000001111111111111111111111111111111111111111111111111111111111111111111111111111111111111000000000000000000000000000000000
00000000001111111111111111111111111111111111111111111111111111111111111111111111111111111111111000000000000000000000000000000000
00000000001111111111111111111111111111111111111111111111111111111111111111111111111111111111111000000000000000000000000000000000
00000000001111111111111111111111111111111111111111111111111111111111111111111111111111111111110000000000000000000000000000000000
00000000011111111111111111111111111111111111111111111111111111111111111111111111111111111111100000000000000000000000000000000000
00000000111111111111111111111111111111111111111111111111111111111111111111111111111111111111100000000000000000000000000000000000
00000000111111111111111111111111111111100111111111111111111111111111111111111111111111111111000000000000000000000000000000000000
00000000111111111111111111111111111111000000111111111111111111111111111111111111111111111110000000000000000000000000000000000000
00000001111111111111111111111111111110000000011111111111111111111111111111111111111111111100000000000000000000000000000000000000
00000001111111111111111111111111111110000000000011111111111111111111111111111111111111111100000000000000000000000000000000000000
00000001111111111111111111111111111110000000000001111111111111111111111111111111111111111000000000000000000000000000000000000000
00000001111111111111111111111111111000000000000000011111111111111111111111111111111111111000000000000000000000000000000000000000
00000001111111111111111111111111110000000000000000001111111111111111111111111111111111110000000000000000000000000000000000000000
00000011111111111111111111111111110000000000000000000000011111111111111111111111111100000000000000000000000000000000000000000000
00000011111111111111111111111111100000000000000000000000000000111000000100000111100000000000000000000000000000000000000000000000
00000111111111111111111111111111000000000000000000000000000000000000000000000000000000000000000000000000000000000000000000000000
00000111111111111111111111111110000000000000000000000000000000000000000000000000000000000000000000000000000000000000000000000000
00000111111111111111111111111110000000000000000000000000000000000000000000000000000000000000000000000000000000000000000000000000
00000111111111111111111111111100000000000000000000000000000000000000000000000000000000000000000000000000000000000000000000000000
00000111111111111111111111111100000000000000000000000000000000000000000000000000000000010010000000000000000000000000000000000000
00000111111111111111111111111100000000000000000000000000000000000000000000000000000011111111110000000000000000000000000000000000
00001111111111111111111111111000000000000000000000000000000000000000000000000000111111111111111000000000000000000000000000000000
00000111111111111111111111111000000000000000000000000000000000000000000000011111111111111111111100000000000000000000000000000000
00000111111111111111111111110000000000000000000000000000000000000000000000011111111111111111111110000000000000000000000000000000
00001111111111111111111111110000000000000000000000000000000000000000000000111111111111111111111111000000000000000000000000000000
00000111111111111111111111110000000000000000000000000000000000000000000000111111111111111111111111100000000000000000000000000000
00000111111111111111111111110000000000000000000000000000000000000000000001111111111111111111111111100000000000000000000000000000
00000111111111111111111111100000000000000000000000000000000000000000000001111111111111111111111111110000000000000000000000000000
00000111111111111111111111100000000000000000000000000000000000000000000001111111111111111111111111111000000000000000000000000000
00000111111111111111111111100000000000000000000000000000000000000000000011111111111111111111111111111000000000000000000000000000
00001111111111111111111111100000000000000000000000000000000000000000000011111111111111111111111111111000000000000000000000000000
00001111111111111111111111100000000000000000000000000000000000000000000011111111111111111111111111111100000000000000000000000000
00001111111111111111111111100000000000000000000000000000000000000000000011111111111111111111111111111100000000000000000000000000
00001111111111111111111111100000000000000000000000000000000000000000000011111111111111111111111111111100000000000000000000000000
00001111111111111111111111100000000000000000000000000000000000000000000011111111111111111111111111111100000000000000000000000000
00001111111111111111111111100000000000000000000000000000000000000000000011111111111111111111111111111110000000000000000000000000
00001111111111111111111111100000000000000000000000000000000000000000000011111111111111111111111111111110000000000000000000000000
00001111111111111111111111100000000000000000000000000000000000000000000011111111111111111111111111111110000000000000000000000000
00001111111111111111111111100000000000000000000000000000000000000000000011111111111111111111111111111110000000000000000000000000
00001111111111111111111111100000000000000000000000000000000000000000000011111111111111111111111111111110000000000000000000000000
00001111111111111111111111100000000000000000000000000000000000000000000001111111111111111111111111111110000000000000000000000000
00001111111111111111111111100000000000000000000000000000000000000000000001111111111111111111111111111110000000000000000000000000
00001111111111111111111111100000000000000000000000000000000000000000000000001111111111111111111111111110000000000000000000000000
00001111111111111111111111100000000000000000000000000111111000000000000000000000000000011111111111111111000000000000000000000000
00001111111111111111111111110000000000000000000000001111111000000000000000000000000000011111111111111111000000000000000000000000
00001111111111111111111111110000000000000000000001111111111100000000000000000000000000011111111111111111000000000000000000000000
00001111111111111111111111111000000000000000000011111111111110000000000000000000000000011111111111111111000000000000000000000000
00000111111111111111111111111000000000000000000111111111111111000000000000000000000000011111111111111111000000000000000000000000
00000111111111111111111111111100000000000000001111111111111111100000000000000000000000111111111111111111000000000000000000000000
00000111111111111111111111111111000000000000111111111111111111110000000000000000000000111111111111111111000000000000000000000000
00001111111111111111111111111111000000000001111111111111111111111000000000000000000000111111111111111111000000000000000000000000
00000111111111111111111111111111111000000111111111111111111111111100000000000000000000111111111111111111000000000000000000000000
00000111111111111111111111111111111111111111111111111111111111111100000000000000000001111111111111111111000000000000000000000000
00000111111111111111111111111111111111111111111111111111111111111100000000000000000001111111111111111111000000000000000000000000
00000111111111111111111111111111111111111111111111111111111111111111100000000000000011111111111111111111000000000000000000000000
00000111111111111111111111111111111111111111111111111111111111111111110000000000000011111111111111111111000000000000000000000000
00000111111111111111111111111111111111111111111111111111111111111111111100000000000011111111111111111111000000000000000000000000
00000111111111111111111111111111111111111111111111111111111111111111111111000000000111111111111111111111000000000000000000000000
00000011111111111111111111111111111111111111111111111111111111111111111111111000001111111111111111111111000000000000000000000000
00000011111111111111111111111111111111111111111111111111111111111111111111111111111111111111111111111111000000000000000000000000
00000001111111111111111111111111111111111111111111111111111111111111111111111111111111111111111111111111000000000000000000000000
00000001111111111111111111111111111111111111111111111111111111111111111111111111111111111111111111111111000000000000000000000000
00000001111111111111111111111111111111111111111111111111111111111111111111111111111111111111111111111111000000000000000000000000
00000000111111111111111111111111111111111111111111111111111111111111111111111111111111111111111111111111000000000000000000000000
00000000111111111111111111111111111111111111111111111111111111111111111111111111111111111111111111111111000000000000000000000000
00000000111111111111111111111111111111111111111111111111111111111111111111111111111111111111111111111111000000000000000000000000
00000000001111111111111111111111111111111111111111111111111111111111111111111111111111111111111111111111000000000000000000000000
00000000001111111111111111111111111111111111111111111111111111111111111111111111111111111111111111111111000000000000000000000000
00000000001111111111111111111111111111111111111111111111111111111111111111111111111111111111111111111111000000000000000000000000
00000000001111111111111111111111111111111111111111111111111111111111111111111111111111111111111111111111000000000000000000000000
00000000000111111111111111111111111111111111111111111111111111111111111111111111111111111111111111111110000000000000000000000000
00000000000011111111111111111111111111111111111111111001111111111111111111111111111111111111111111111110000000000000000000000000
00000000000011111111111111111111111111111111111111100000011111111111111111111111111111111111111111111100000000000000000000000000
00000000000001111111111111111111111111111111111110000000000111111111111111111111111111111111111111111100000000000000000000000000
00000000000001111111111111111111111111111111111000000000000011111111111111111111111111111111111111111100000000000000000000000000
00000000000000111111111111111111111111111111110000000000000000111111111111111111111111111111111111111000000000000000000000000000
00000000000000011111111111111111111111111111100000000000000000001111111111111111111111111111111111110000000000000000000000000000
00000000000000000111111111111111111111111100000000000000000000000011111111111111111111111111111111100000000000000000000000000000
00000000000000000000111111111111111110000000000000000000000000000000001111111111111111111111111111000000000000000000000000000000
00000000000000000000000110000000000000000000000000000000000000000000000011111111111111111111111110000000000000000000000000000000
00000000000000000000000000000000000000000000000000000000000000000000000000111111111111111111111000000000000000000000000000000000
00000000000000000000000000000000000000000000000000000000000000000000000000000011111111111111110000000000000000000000000000000000
00000000000000000000000000000000000000000000000000000000000000000000000000000000000100010000000000000000000000000000000000000000
00000000000000000000000000000000000000000000000000000000000000000000000000000000000000000000000000000000000000000000000000000000
00000000000000000000000000000000000000000000000000000000000000000000000000000000000000000000000000000000000000000000000000000000
00000000000000000000000000000000000000000000000000000000000000000000000000000000000000000000000000000000000000000000000000000000
00000000000000000000000000000000000000000000000000000000000000000000000000000000000000000000000000000000000000000000000000000000
00000000000000000000000000000000000000000000000000000000000000000000000000000000000000000000000000000000000000000000000000000000
00000000000000000000000000000000000000000000000000000000000000000000000000000000000000000000000000000000000000000000000000000000
00000000000000000000000000000000000000000000000000000000000000000000000000000000000000000000000000000000000000000000000000000000
00000000000000000000000000000000000000000000000000000000000000000000000000000000000000000000000000000000000000000000000000000000
00000000000000000000000000000000000000000000000000000000000000000000000000000000000000000000000000000000000000000000000000000000
00000000000000000000000000000000000000000000000000000000000000000000000000000000000000000000000000000000000000000000000000000000
00000000000000000000000000000000000000000000000000000000000000000000000000000000000000000000000000000000000000000000000000000000
