00000000000000000000000000000000000000000000000000000000000000000000000000000000000000000000000000000000000000000000000000000000
00000000000000000000000000000000000000000000000000000000000000000000000000000000000000000000000000000000000000000000000000000000
00000000000000000000000000000000000000000000000000000000000000000000000000000001111111111000000000000000000000000000000000000000
00000000000000000000000000000000000000000000000000000000000000000000000000000001111111111000000000000000000000000000000000000000
00000000000000000000000000000000000000000000000000000000000000000000000000000001111111111000000000000000000000000000000000000000
00000000000000000000000000000000000000000000000000000000000000000000000000000011111111111000000000000000000000000000000000000000
00000000000000000000000000000000000000000000000000000000000000000000000000000011111111111100000000000000000000000000000000000000
00000000000000000000000000000000000000000000000000000000000000000000000000000011111111111100000000000000000000000000000000000000
00000000000000000000000000000000000000000000000000000000000000000000000000000111111111111110000000000000000000000000000000000000
00000000000000000000000000000000000000000000000000000000000000000000000000000111111111111100000000000000000000000000000000000000
00000000000000000000000000000000000000000000000000000000000000000000000000000111111111111100000000000000000000000000000000000000
00000000000000000000000000000000000000000000000000000000000000000000000000000111111111111100000000000000000000000000000000000000
00000000000000000000000000000000000000000000000000000000000000000000000000000111111111111100000000000000000000000000000000000000
00000000000000000000000000000000000000000000000000000000000000000000000000000111111111111100000000000000000000000000000000000000
00000000000000000000000000000000000000000000000000000000000000000000000000000111111111111100000000000000000000000000000000000000
00000000000000000000000000000000000000000000000000000000000000000000000000000111111111111100000000000000000000000000000000000000
00000000000000000000000000000000000000000000000000000000000000000000000000000111111111111110000000000000000000000000000000000000
00000000000000000000000000000000000000000000000000000000000000000000000000000111111111111110000000000000000000000000000000000000
00000000000000000000000000000000000000000000000000000000000000000000000000000111111111111110000000000000000000000000000000000000
00000000000000000000000000000000000000011111111111111100000000000000000000000111111111111110000000000000000000000000000000000000
00000000000000000000000000000000000000011111111111111111000000000000000000000111111111111110000000000000000000000000000000000000
00000000000000000000000000000000000001111111111111111111111000000000000000000111111111111110000000000000000000000000000000000000
00000000000000000000000000000000000011111111111111111111111100000000000000000111111111111111000000000000000000000000000000000000
00000000000000000000000000000000001111111111111111111111111110000000000000000111111111111111000000000000000000000000000000000000
00000000000000000000000000000000111111111111111111111111111111110000000000000111111111111110000000000000000000000000000000000000
00000000000000000000000000000011111111111111111111111111111111111111000000000111111111111110000000000000000000000000000000000000
00000000000000000000000000001111111111111111111111111111111111111111111000000111111111111110000000000000000000000000000000000000
00000000000000000000000000011111111111111111111111111111111111111111111110000111111111111110000000000000000000000000000000000000
00000000000000000000000000111111111111111111111111111111111111111111111110000111111111111110000000000000000000000000000000000000
00000000000000000000000001111111111111111111111111111111111111111111111111000111111111111110000000000000000000000000000000000000
00000000000000000000000011111111111111111111111111111111111111111111111111111111111111111110000000000000000000000000000000000000
00000000000000000000000111111111111111111111111111111111111111111111111111111111111111111110000000000000000000000000000000000000
00000000000000000000000111111111111111111111111111111111111111111111111111111111111111111110000000000000000000000000000000000000
00000000000000000000011111111111111111111111111111111111111111111111111111111111111111111110000000000000000000000000000000000000
00000000000000000000111111111111111111111111111111111111111111111111111111111111111111111110000000000000000000000000000000000000
00000000000000000000111111111111111111111111111111111111111111111111111111111111111111111110000000000000000000000000000000000000
00000000000000000001111111111111111111111111111111111111111111111111111111111111111111111110000000000000000000000000000000000000
00000000000000000011111111111111111111111110000111111111111111111111111111111111111111111110000000000000000000000000000000000000
00000000000000000111111111111111111111111100000000001111111111111111111111111111111111111100000000000000000000000000000000000000
00000000000000000111111111111111111111111000000000000000011111111111111111111111111111111000000000000000000000000000000000000000
00000000000000001111111111111111111111110000000000000000000000011111111111111111111111110000000000000000000000000000000000000000
00000000000000011111111111111111111111100000000000000000000000000000011111111111111111000000000000000000000000000000000000000000
00000000000000011111111111111111111111100000000000000000000000000000000000011000001000000000000000000000000000000000000000000000
00000000000000011111111111111111111111000000000000000000000000000000000000000000000000000000000000000000000000000000000000000000
00000000000000111111111111111111111111000000000000000000000000000000000000000000000000000000000000000000000000000000000000000000
00000000000000111111111111111111111110000000000000000000000000000000000000000000000000000000000000000000000000000000000000000000
00000000000000111111111111111111111100000000000000000000000000000000000000000000000000000000000000000000000000000000000000000000
00000000000001111111111111111111111100000000000000000000000000000000000000000000000000000000000000000000000000000000000000000000
00000000000001111111111111111111111000000000000000000000000000000000000000000000000000000000000000000000000000000000000000000000
00000000000001111111111111111111111000000000000000000000000000000000000000000000111111000000000000000000000000000000000000000000
00000000000001111111111111111111111000000000000000000000000000000000000000001111111111111000000000000000000000000000000000000000
00000000000011111111111111111111110000000000000000000000000000000000000000011111111111111110000000000000000000000000000000000000
00000000000011111111111111111111110000000000000000000000000000000000000000011111111111111111100000000000000000000000000000000000
00000000000011111111111111111111111000000000000000000000000000000000000000111111111111111111110000000000000000000000000000000000
00000000000011111111111111111111110000000000000000000000000000000000000000111111111111111111111000000000000000000000000000000000
00000000000011111111111111111111110000000000000000000000000000000000000001111111111111111111111100000000000000000000000000000000
00000000000011111111111111111111100000000000000000000000000000000000000011111111111111111111111110000000000000000000000000000000
00000000000011111111111111111111100000000000000000000000000000000000000011111111111111111111111110000000000000000000000000000000
00000000000011111111111111111111100000000000000000000000000000000000000011111111111111111111111110000000000000000000000000000000
00000000000011111111111111111111100000000000000000000000000000000000000011111111111111111111111111000000000000000000000000000000
00000000000011111111111111111111100000000000000000000000000000000000000011111111111111111111111111000000000000000000000000000000
00000000000011111111111111111111100000000000000000000000000000000000000011111111111111111111111111100000000000000000000000000000
00000000000011111111111111111111100000000000000000000000000000000000000011111111111111111111111111100000000000000000000000000000
00000000000011111111111111111111100000000000000000000000000000000000000111111111111111111111111111110000000000000000000000000000
00000000000011111111111111111111100000000000000000000000000000000000000011111111111111111111111111110000000000000000000000000000
00000000000011111111111111111111100000000000000000000000000000000000000011111111111111111111111111110000000000000000000000000000
00000000000011111111111111111111100000000000000000000000000000000000000011111111111111111111111111111000000000000000000000000000
00000000000011111111111111111111100000000000000000000000000000000000000001111111111111111111111111111000000000000000000000000000
00000000000011111111111111111111100000000000000000000000000000000000000000001100000001111111111111111000000000000000000000000000
00000000000011111111111111111111100000000000000000000000000000000000000000000000000000111111111111111000000000000000000000000000
00000000000011111111111111111111100000000000000000000000000000000000000000000000000000111111111111111100000000000000000000000000
00000000000011111111111111111111100000000000000000000000000000000000000000000000000000111111111111111100000000000000000000000000
00000000000011111111111111111111100000000000000000000111111111100000000000000000000000111111111111111000000000000000000000000000
00000000000011111111111111111111110000000000000000001111111111110000000000000000000000011111111111111000000000000000000000000000
00000000000011111111111111111111110000000000000000111111111111111100000000000000000000011111111111111000000000000000000000000000
00000000000011111111111111111111110000000000000001111111111111111110000000000000000000011111111111111000000000000000000000000000
00000000000011111111111111111111111000000000000001111111111111111111100000000000000000011111111111111000000000000000000000000000
00000000000011111111111111111111111000000000000111111111111111111111111100000000000000011111111111111000000000000000000000000000
00000000000011111111111111111111111000000000001111111111111111111111111100000000000000011111111111111000000000000000000000000000
00000000000001111111111111111111111000000000001111111111111111111111111111100000000000011111111111111000000000000000000000000000
00000000000001111111111111111111111000000000011111111111111111111111111111111100000000011111111111111000000000000000000000000000
00000000000000111111111111111111111000000000111111111111111111111111111111111111000000011111111111111000000000000000000000000000
00000000000000111111111111111111111000000001111111111111111111111111111111111111111110011111111111111000000000000000000000000000
00000000000000111111111111111111111000000011111111111111111111111111111111111111111111111111111111111000000000000000000000000000
00000000000000111111111111111111111100000011111111111111111111111111111111111111111111111111111111111000000000000000000000000000
00000000000000111111111111111111111100000111111111111111111111111111111111111111111111111111111111111000000000000000000000000000
00000000000000011111111111111111111100001111111111111111111111111111111111111111111111111111111111111000000000000000000000000000
00000000000000011111111111111111111110011111111111111111111111111111111111111111111111111111111111111000000000000000000000000000
00000000000000000111111111111111111111111111111111111111111111111111111111111111111111111111111111111000000000000000000000000000
00000000000000000111111111111111111111111111111111111111111111111111111111111111111111111111111111111000000000000000000000000000
00000000000000000011111111111111111111111111111111111111111100011111111111111111111111111111111111111000000000000000000000000000
00000000000000000001111111011111111111111111111111111111111100001111111111111111111111111111111111111000000000000000000000000000
00000000000000000000111111111111111111111111111111111111111000000111111111111111111111111111111111111000000000000000000000000000
00000000000000000000111111111111111111111111111111111111110000000011111111111111111111111111111111111000000000000000000000000000
00000000000000000000111111111111111111111111111111111111100000000001111111111111111111111111111111111000000000000000000000000000
00000000000000000000011111111111111111111111111111111111000000000000111111111111111111111111111111111000000000000000000000000000
00000000000000000000001111111111111111111111111111111110000000000000111111111111111111111111111111111000000000000000000000000000
00000000000000000000001111111111111111111111111111111100000000000000011111111111111111111111111111111000000000000000000000000000
00000000000000000000000111111111111111111111111111111100000000000000000011111111111111111111111111111000000000000000000000000000
00000000000000000000000011111111111111111111111111111000000000000000000001111111111111111111111111111000000000000000000000000000
00000000000000000000000011111111111111111111111111110000000000000000000000011111111111111111111111111000000000000000000000000000
00000000000000000000000000111111111111111111111111100000000000000000000000001111111111111111111111110000000000000000000000000000
00000000000000000000000000001111111111111111111111000000000000000000000000000011111111111111111111100000000000000000000000000000
00000000000000000000000000000001111111111111111100000000000000000000000000000001111111111111111111000000000000000000000000000000
00000000000000000000000000000000000011111111000000000000000000000000000000000000011111111111111100000000000000000000000000000000
00000000000000000000000000000000000000010000000000000000000000000000000000000000000000000000000000000000000000000000000000000000
00000000000000000000000000000000000000000000000000000000000000000000000000000000000000000000000000000000000000000000000000000000
00000000000000000000000000000000000000000000000000000000000000000000000000000000000000000000000000000000000000000000000000000000
00000000000000000000000000000000000000000000000000000000000000000000000000000000000000000000000000000000000000000000000000000000
00000000000000000000000000000000000000000000000000000000000000000000000000000000000000000000000000000000000000000000000000000000
00000000000000000000000000000000000000000000000000000000000000000000000000000000000000000000000000000000000000000000000000000000
00000000000000000000000000000000000000000000000000000000000000000000000000000000000000000000000000000000000000000000000000000000
00000000000000000000000000000000000000000000000000000000000000000000000000000000000000000000000000000000000000000000000000000000
00000000000000000000000000000000000000000000000000000000000000000000000000000000000000000000000000000000000000000000000000000000
00000000000000000000000000000000000000000000000000000000000000000000000000000000000000000000000000000000000000000000000000000000
00000000000000000000000000000000000000000000000000000000000000000000000000000000000000000000000000000000000000000000000000000000
00000000000000000000000000000000000000000000000000000000000000000000000000000000000000000000000000000000000000000000000000000000
00000000000000000000000000000000000000000000000000000000000000000000000000000000000000000000000000000000000000000000000000000000
00000000000000000000000000000000000000000000000000000000000000000000000000000000000000000000000000000000000000000000000000000000
00000000000000000000000000000000000000000000000000000000000000000000000000000000000000000000000000000000000000000000000000000000
00000000000000000000000000000000000000000000000000000000000000000000000000000000000000000000000000000000000000000000000000000000
00000000000000000000000000000000000000000000000000000000000000000000000000000000000000000000000000000000000000000000000000000000
00000000000000000000000000000000000000000000000000000000000000000000000000000000000000000000000000000000000000000000000000000000
00000000000000000000000000000000000000000000000000000000000000000000000000000000000000000000000000000000000000000000000000000000
00000000000000000000000000000000000000000000000000000000000000000000000000000000000000000000000000000000000000000000000000000000
00000000000000000000000000000000000000000000000000000000000000000000000000000000000000000000000000000000000000000000000000000000
00000000000000000000000000000000000000000000000000000000000000000000000000000000000000000000000000000000000000000000000000000000
00000000000000000000000000000000000000000000000000000000000000000000000000000000000000000000000000000000000000000000000000000000
