00000000000000000000000000000000000000000000000000000000000000000000000000000000000000000000000000000000000000000000000000000000
00000000000000000000000000000000000000000000000000000000000000000000000000000000000000000000000000000000000000000000000000000000
00000000000000000000000000000000000000000000000000000000000000000000000000000000000000000000000000000000000000000000000000000000
00000000000000000000000000000000000000000000000000000000000000000000000000000000000000000000000000000000000000000000000000000000
00000000000000000000000000000000000000000000000000000000000000000000000000000000000000000000011111111111100000000000000000000000
00000000000000000000000000000000000000000000000000000000000000000000000000000000000000000001111111111111111000000000000000000000
00000000000000000000000000000000000000000000000000000000000000000000000000000000000000000011111111111111111111000000000000000000
00000000000000000000000000000000000000000000000000000000000000000000000000000000000000001111111111111111111111000000000000000000
00000000000000000000000000000000000000000000000000000000000000000000000000000000000000001111111111111111111111000000000000000000
00000000000000000000000000000000000000000000000000000000000000000000000000000000000000011111111111111111111111000000000000000000
00000000000000000000000000000000000000000000000000000000000000000000000000000000000000011111111111111111111111000000000000000000
00000000000000000000000000000000000000000000000000000000000000000000000000000000000000111111111111111111111111000000000000000000
00000000000000000000000000000000000000000000000000000000000000000000000000000000000000111111111111111111111111000000000000000000
00000000000000000000000000000000000000000001111111111111111111111000000000000000000000111111111111111111111110000000000000000000
00000000000000000000000000000000000001111111111111111111111111111111111000000000000001111111111111111111111110000000000000000000
00000000000000000000000000000000000111111111111111111111111111111111111000000000000001111111111111111111111110000000000000000000
00000000000000000000000000000000000111111111111111111111111111111111111111100000000001111111111111111111111100000000000000000000
00000000000000000000000000000000000111111111111111111111111111111111111111100000000011111111111111111111111100000000000000000000
00000000000000000000000000000000000111111111111111111111111111111111111111110000000111111111111111111111111000000000000000000000
00000000000000000000000000000000011111111111111111111111111111111111111111111100000111111111111111111111110000000000000000000000
00000000000000000000000000000000011111111111111111111111111111111111111111111110000111111111111111111111110000000000000000000000
00000000000000000000000000000000111111111111111111111111111111111111111111111111000111111111111111111111110000000000000000000000
00000000000000000000000000000001111111111111111111111111111111111111111111111111111111111111111111111111110000000000000000000000
00000000000000000000000000000011111111111111111111111111111111111111111111111111111111111111111111111111100000000000000000000000
00000000000000000000000000000111111111111111111111111111111111111111111111111111111111111111111111111111100000000000000000000000
00000000000000000000000000000111111111111111111111111111111111111111111111111111111111111111111111111111100000000000000000000000
00000000000000000000000000000111111111111111111111111111111111111111111111111111111111111111111111111111000000000000000000000000
00000000000000000000000000001111111111111111111111111111111111111111111111111111111111111111111111111111000000000000000000000000
00000000000000000000000000001111111111111111111111111111111111111111111111111111111111111111111111111111000000000000000000000000
00000000000000000000000000011111111111111111111111111111111111111111111111111111111111111111111111111110000000000000000000000000
00000000000000000000000000011111111111111111111111111111111111111111111111111111111111111111111111111110000000000000000000000000
00000000000000000000000000111111111111111111111111111111111111111111111111111111111111111111111111111110000000000000000000000000
00000000000000000000000001111111111111111111111111111111111111111111111111111111111111111111111111111110000000000000000000000000
00000000000000000000000001111111111111111111111111111111111111111111111111111111111111111111111111111110000000000000000000000000
00000000000000000000000001111111111111111111111111111111111111111111111111111111111111111111111111111100000000000000000000000000
00000000000000000000000011111111111111111111111111111111111111111111111111111111111111111111111111111100000000000000000000000000
00000000000000000000000011111111111111111111111111111111111111111111111111111111111111111111111111111000000000000000000000000000
00000000000000000000000111111111111111111111111111111111111111111111111111111111111111111111111111111000000000000000000000000000
00000000000000000000000111111111111111111111111111111111111111111111111111111111111111111111111111110000000000000000000000000000
00000000000000000000001111111111111111111111111111111111100000001111111111111111111111111111111111110000000000000000000000000000
00000000000000000000001111111110011111111111111111111100000000000001111111111111111111111111111111100000000000000000000000000000
00000000000000000000011111111110111111111111111111000000000000000000000111111111111111111111111111100000000000000000000000000000
00000000000000000000111111111111111111111111111110000000000000000000000000111111111111111111111110000000000000000000000000000000
00000000000000000000111111111111111111111111111100000000000000000000000000001111111111111111111100000000000000000000000000000000
00000000000000000011111111111111111111111111111100000000000000000000000000000011111111111111111000000000000000000000000000000000
00000000000000000111111111111111111111111111111000000000000000000000000000000000000100001100000000000000000000000000000000000000
00000000000000001111111111111111111111111111111000000000000000000000000000000000000000000000000000000000000000000000000000000000
00000000000000001111111111111111111111111111110000000000000000000000000000000000000000000000000000000000000000000000000000000000
00000000000000011111111111111111111111111111110000000000000000000000000000000000000000000000000000000000000000000000000000000000
00000000000000011111111111111111111111111111100000000000000000000000000000000000000000000000000000000000000000000000000000000000
00000000000000111111111111111111111111111111100000000000000000000000000000000000000000000000000000000000000000000000000000000000
00000000000000111111111111111111111111111111000000000000000000000000000000000000000000000000000000000000000000000000000000000000
00000000000001111111111111111111111111111111000000000000000000000000000000000000000000000000000000000000000000000000000000000000
00000000000001111111111111111111111111111110000000000000000000000000000000000000000000000000000000000000000000000000000000000000
00000000000001111111111111111111111111111110000000000000000000000000000000000000000000000000000000000000000000000000000000000000
00000000000011111111111111111111111111111110000000000000000000000000000000000000000000000000000000000000000000000000000000000000
00000000000011111111111111111111111111111100000000000000000000000000000000000000000000000000000000000000000000000000000000000000
00000000000111111111111111111111111111111100000000000000000000000000000000000001111111111111111100000000000000000000000000000000
00000000000111111111111111111111111111111100000000000000000000000000000000000011111111111111111111100000000000000000000000000000
00000000000111111111111111111111111111111100000000000000000000000000000000000111111111111111111111111100000000000000000000000000
00000000000111111111111111111111111111111100000000000000000000000000000011001111111111111111111111111111000000000000000000000000
00000000000111111111111111111111111111111000000000000000000000000000011111111111111111111111111111111111111000000000000000000000
00000000000111111111111111111111111111111000000000000000000000000000111111111111111111111111111111111111111000000000000000000000
00000000000111111111111111111111111111110000000000000000000000000001111111111111111111111111111111111111111110000000000000000000
00000000000111111111111111111111111111110000000000000000000000000011111111111111111111111111111111111111111110000000000000000000
00000000000111111111111111111111111111110000000000000000000000000011111111111111111111111111111111111111111111000000000000000000
00000000000111111111111111111111111111110000000000000000000000000011111111111111111111111111111111111111111111100000000000000000
00000000000111111111111111111111111111110000000000000000000000000011111111111111111111111111111111111111111111110000000000000000
00000000000111111111111111111111111111110000000000000000000000000011111111111111111111111111111111111111111111111000000000000000
00000000000111111111111111111111111111110000000000000000000000000011111111111111111111111111111111111111111111111000000000000000
00000000000111111111111111111111111111110000000000000000000000000011111111111111111111111111111111111111111111111100000000000000
00000000000111111111111111111111111111110000000000000000000000000011111111111111111111111111111111111111111111111110000000000000
00000000000111111111111111111111111111110000000000000000000000000011111111111111111111111111111111111111111111111111100000000000
00000000000111111111111111111111111111100000000000000000000000000011111111111111111111111111111111111111111111111111100000000000
00000000000111111111111111111111111111100000000000000000000000000011111111111111111111111111111111111111111111111111100000000000
00000000000111111111111111111111111111100000000000000000000000000011111111111111111111111111111111111111111111111111100000000000
00000000000111111111111111111111111111100000000000000000000000000011111111111111111111111111111111111111111111111111110000000000
00000000001111111111111111111111111111100000000000000000000000000001111111111111111111111111111111111111111111111111110000000000
00000000000111111111111111111111111111110000000000000000000000000001111111111111111111111111111111111111111111111111110000000000
00000000000111111111111111111111111111110000000000000000000000000000111111111111111111111111111111111111111111111111111000000000
00000000000111111111111111111111111111110000000000000000000000000000111111111111111111111111111111111111111111111111111000000000
00000000000111111111111111111111111111110000000000000000000000000000001111111111111111111111111111111111111111111111111000000000
00000000000111111111111111111111111111111000000000000000000000000000001111111111111111111111111111111111111111111111111000000000
00000000000111111111111111111111111111111000000000000000000000000000000111111111111111111111111111111111111111111111111100000000
00000000000111111111111111111111111111111000000000000000000000000000000001111111111111111111111111111111111111111111111100000000
00000000000111111111111111111111111111111000000000000000000000000000000001111111111111111111111111111111111111111111111100000000
00000000000111111111111111111111111111111100000000000000000000000000000000111111111111111111111110011111111111111111111100000000
00000000000111111111111111111111111111111100000000000000000000000000000000001111111111111111111100011111111111111111111100000000
00000000000111111111111111111111111111111100000000000000000000000000000000000000001111111111110000001111111111111111111110000000
00000000000111111111111111111111111111111100000000000000000000000000000000000000000000010010000000001111111111111111111110000000
00000000001111111111111111111111111111111110000000000000000000000000000000000000000000000000000000001111111111111111111110000000
00000000000111111111111111111111111111111110000000000000000000000000000000000000000000000000000000001111111111111111111110000000
00000000000111111111111111111111111111111110000000000000000000000000000000000000000000000000000000001111111111111111111110000000
00000000000111111111111111111111111111111110000000000000000000000000000000000000000000000000000000001111111111111111111111000000
00000000000111111111111111111111111111111110000000000000000000000000000000011111110000000000000000001111111111111111111111000000
00000000000011111111111111111111111111111110000000000000000000000000000001111111110000000000000000001111111111111111111111000000
00000000000011111111111111111111111111111111000000000000000000000000000111111111111110000000000000001111111111111111111111000000
00000000000011111111111111111111111111111111000000000000000000000000001111111111111111000000000000001111111111111111111111000000
00000000000001111111111111111111111111111111000000000000000000000000011111111111111111100000000000001111111111111111111111000000
00000000000001111111111111111111111111111111110000000000000000000001111111111111111111111000000000001111111111111111111111000000
00000000000000111111111111111111111111111111111100000000000000000111111111111111111111111100000000011111111111111111111111000000
00000000000000011111111111111111111111111111111111000000000001111111111111111111111111111111000000011111111111111111111111000000
00000000000000011111111111111111111111111111111111110000000011111111111111111111111111111111000000111111111111111111111111000000
00000000000000011111111111111111111111111111111111111111111111111111111111111111111111111111111000111111111111111111111111000000
00000000000000001111111111111111111111111111111111111111111111111111111111111111111111111111111111111111111111111111111111000000
00000000000000001111111111111111111111111111111111111111111111111111111111111111111111111111111111111111111111111111111111000000
00000000000000001111111111111111111111111111111111111111111111111111111111111111111111111111111111111111111111111111111111000000
00000000000000000011111111111111111111111111111111111111111111111111111111111111111111111111111111111111111111111111111111000000
00000000000000000011111111111111111111111111111111111111111111111111111111111111111111111111111111111111111111111111111111000000
00000000000000000001111111111111111111111111111111111111111111111111111111111111111111111111111111111111111111111111111100000000
00000000000000000000111111111111111111111111111111111111111111111111111111111111111111111111111111111111111111111111111100000000
00000000000000000000111111111111111111111111111111111111111111111111111111111111111111111111111111111111111111111111111100000000
00000000000000000000001111111111111111111111111111111111111111111111111111111111111111111111111111111111111111111111111000000000
00000000000000000000000111111111111111111111111111111111111111111111111111111111111111111111111111111111111111111111111000000000
00000000000000000000000001111111111111111111111111111111111111111111111111111111110001111111111111111111111111111111110000000000
00000000000000000000000000111111111111111111111111111111111111111111111111111111110000011111111111111111111111111111110000000000
00000000000000000000000000001111111111111111111111111111111111111111111111111110000000000111111111111111111111111111100000000000
00000000000000000000000000001111111111111111111111111111111111111111111110000000000000000001111111111111111111111111100000000000
00000000000000000000000000000111111111111111111111111111111111111111110000000000000000000000001111111111111111111111000000000000
00000000000000000000000000000011111111111111111111111111110000000000000000000000000000000000000011111111111111111110000000000000
00000000000000000000000000000000111111111111111110000000000000000000000000000000000000000000000011111111111111111110000000000000
00000000000000000000000000000000000000000000000000000000000000000000000000000000000000000000000000011111111111111100000000000000
00000000000000000000000000000000000000000000000000000000000000000000000000000000000000000000000000001111111111111000000000000000
00000000000000000000000000000000000000000000000000000000000000000000000000000000000000000000000000001111111111110000000000000000
00000000000000000000000000000000000000000000000000000000000000000000000000000000000000000000000000001111111111100000000000000000
00000000000000000000000000000000000000000000000000000000000000000000000000000000000000000000000000000111111111100000000000000000
00000000000000000000000000000000000000000000000000000000000000000000000000000000000000000000000000000000000100000000000000000000
00000000000000000000000000000000000000000000000000000000000000000000000000000000000000000000000000000000000000000000000000000000
