00000000000000000000000000000000000000000000000000000000000000000000000000000000000000000000000000000000000000000000000000000000
00000000000000000000000000000000000000000000000000000000000000000000000000000000000000000000000000000000000000000000000000000000
00000000000000000000000000000000000000000000000000000000000000000000000000000000000000000000000000000000000000000000000000000000
00000000000000000000000000000000000000000000000000000000000000000000000000000000000000000000000000000000000000000000000000000000
00000000000000000000000000000000000000000000000000000000000000000000000000000000000000000000000000000000000000000000000000000000
00000000000000000000000011100100000000001000000000000000000000000000000000000000000001111111111110000000000000000000000000000000
00000000000000000000000111111111111111111111000000000000000000000000000000000000000111111111111111111110000000000000000000000000
00000000000000000000000111111111111111111111111000000000000000000000000000000000000111111111111111111110000000000000000000000000
00000000000000000000111111111111111111111111111111100000000000000000000000000000111111111111111111111111100000000000000000000000
00000000000000000001111111111111111111111111111111111111110000000000000000000001111111111111111111111111100000000000000000000000
00000000000000000111111111111111111111111111111111111111111111000000000000000011111111111111111111111111100000000000000000000000
00000000000000001111111111111111111111111111111111111111111111110000000000000011111111111111111111111111110000000000000000000000
00000000000000001111111111111111111111111111111111111111111111111110000000000011111111111111111111111111110000000000000000000000
00000000000000001111111111111111111111111111111111111111111111111111110000000011111111111111111111111111110000000000000000000000
00000000000001111111111111111111111111111111111111111111111111111111111110000111111111111111111111111111110000000000000000000000
00000000000001111111111111111111111111111111111111111111111111111111111110000111111111111111111111111111110000000000000000000000
00000000000011111111111111111111111111111111111111111111111111111111111111100111111111111111111111111111110000000000000000000000
00000000000111111111111111111111111111111111111111111111111111111111111111111111111111111111111111111111110000000000000000000000
00000000000111111111111111111111111111111111111111111111111111111111111111111111111111111111111111111111110000000000000000000000
00000000000111111111111111111111111111111111111111111111111111111111111111111111111111111111111111111111100000000000000000000000
00000000001111111111111111111111111111111111111111111111111111111111111111111111111111111111111111111111100000000000000000000000
00000000001111111111111111111111111111111111111111111111111111111111111111111111111111111111111111111111100000000000000000000000
00000000011111111111111111111111111111111111111111111111111111111111111111111111111111111111111111111111000000000000000000000000
00000000011111111111111111111111111111111111111111111111111111111111111111111111111111111111111111000000000000000000000000000000
00000000011111111111111111111111111111111111111111111111111111111111111111111111111111111111110000000000000000000000000000000000
00000000111111111111111111111111111111111111111111111111111111111111111111111111111111111111110000000000000000000000000000000000
00000000111111111111111111111111111111111111111111111111111111111111111111111111111111111111100000000000000000000000000000000000
00000000111111111111111111111001111111111111111111111111111111111111111111111111111111111111100000000000000000000000000000000000
00000000111111111111111111111111111111111111111111111111111111111111111111111111111111111111000000000000000000000000000000000000
00000000111111111111111111111111111111111111111111111111111111111111111111111111111111111111000000000000000000000000000000000000
00000000111111111111111111111111111111111111111111111111111111111111111111111111111111111110000000000000000000000000000000000000
00000000111111111111111111111111111111111111111111111111111111111111111111111111111111111110000000000000000000000000000000000000
00000001111111111111111111111111111111111111111111111111111111111111111111111111111111111110000000000000000000000000000000000000
00000001111111111111111111111111111111111111111111111111111111111111111111111111111111111100000000000000000000000000000000000000
00000001111111111111111111111111111111111111111111111111111111111111111111111111111111111100000000000000000000000000000000000000
00000001111111111111111111111111111111111111111111111111111111111111111111111111111111111100000000000000000000000000000000000000
00000011111111111111111111111111111111111111111111111000000000011111111111111111111111111000000000000000000000000000000000000000
00000011111111111111111111111111111111111111111110000000000000011111111111111111111111111000000000000000000000000000000000000000
00000011111111111111111111111111111111111100001000000000000000000011111111111111111111111000000000000000000000000000000000000000
00000111111111111111111111111111111111110000000000000000000000000000011111111111111111110000000000000000000000000000000000000000
00000111111111111111111111111111111111100000000000000000000000000000000001111111111111100000000000000000000000000000000000000000
00000111111111111111111111111111111111000000000000000000000000000000000000000000000000000000000000000000000000000000000000000000
00001111111111111111111111111111111111000000000000000000000000000000000000000000000000000000000000000000000000000000000000000000
00001111111111111111111111111111111111000000000000000000000000000000000000000000000000000000000000000000000000000000000000000000
00001111111111111111111111111111111100000000000000000000000000000000000000000000000000000000000000000000000000000000000000000000
00001111111111111111111111111111111100000000000000000000000000000000000000000000000000000000000000000000000000000000000000000000
00001111111111111111111111111111111100000000000000000000000000000000000000000000000000000000000000000000000000000000000000000000
00011111111111111111111111111111111000000000000000000000000000000000000000000000000000000000000000000000000000000000000000000000
00011111111111111111111111111111111000000000000000000000000000000000000000000111111111111111111111110000000000000000000000000000
00011111111111111111111111111111110000000000000000000000000000000000000000001111111111111111111111111110000000000000000000000000
00011111111111111111111111111111110000000000000000000000000000000000000000001111111111111111111111111111000000000000000000000000
00011111111111111111111111111111100000000000000000000000000000000000000000011111111111111111111111111111000000000000000000000000
00011111111111111111111111111111100000000000000000000000000000000000000000111111111111111111111111111111111000000000000000000000
00011111111111111111111111111111100000000000000000000000000000000000000000111111111111111111111111111111111100000000000000000000
00011111111111111111111111111111000000000000000000000000000000000000000001111111111111111111111111111111111110000000000000000000
00011111111111111111111111111111000000000000000000000000000000000000000001111111111111111111111111111111111111000000000000000000
00011111111111111111111111111111000000000000000000000000000000000000000011111111111111111111111111111111111111100000000000000000
00111111111111111111111111111111000000000000000000000000000000000000000011111111111111111111111111111111111111110000000000000000
00111111111111111111111111111111000000000000000000000000000000000000000011111111111111111111111111111111111111110000000000000000
00111111111111111111111111111111000000000000000000000000000000000000000011111111111111111111111111111111111111110000000000000000
00111111111111111111111111111111000000000000000000000000000000000000000011111111111111111111111111111111111111110000000000000000
00111111111111111111111111111110000000000000000000000000000000000000000011111111111111111111111111111111111111111000000000000000
00111111111111111111111111111110000000000000000000000000000000000000000011111111111111111111111111111111111111111000000000000000
00111111111111111111111111111110000000000000000000000000000000000000000011111111111111111111111111111111111111111000000000000000
00111111111111111111111111111110000000000000000000000000000000000000000011111111111111111111111111111111111111111100000000000000
00111111111111111111111111111110000000000000000000000000000000000000000011111111111111111111111111111111111111111100000000000000
00111111111111111111111111111110000000000000000000000000000000000000000011111111111111111111111111111111111111111100000000000000
00111111111111111111111111111100000000000000000000000000000000000000000011111111111111111111111111111111111111111110000000000000
00111111111111111111111111111100000000000000000000000000000000000000000011111111111111111111111111111111111111111110000000000000
00111111111111111111111111111100000000000000000000000000000000000000000001111111111111111111111111111111111111111110000000000000
00111111111111111111111111111100000000000000000000000000000000000000000001111111111111111111111111111111111111111110000000000000
00111111111111111111111111111100000000000000000000000000000000000000000000111111111111111111111111111111111111111110000000000000
00111111111111111111111111111100000000000000000000000000000000000000000000011111111111111111111111111111111111111111000000000000
00111111111111111111111111111100000000000000000000000000000000000000000000001111111111111111111111111111111111111111000000000000
00111111111111111111111111111100000000000000000000000000000000000000000000001111111111111111111111111111111111111111000000000000
00111111111111111111111111111100000000000000000000000000000000000000000000001111111111111111111111111111111111111111000000000000
00111111111111111111111111111100000000000000000000000000000001000100000000000111111111100111111111111111111111111111000000000000
00111111111111111111111111111100000000000000000000000000111111111111111110000000111100000111111111111111111111111111000000000000
00111111111111111111111111111100000000000000000000000011111111111111111111000000000000001111111111111111111111111111000000000000
00111111111111111111111111111100000000000000000000001111111111111111111111100000000000001111111111111111111111111111000000000000
00111111111111111111111111111100000000000000000000011111111111111111111111111000000000001111111111111111111111111111000000000000
00111111111111111111111111111100000000000000000001111111111111111111111111111110000000001111111111111111111111111111000000000000
00111111111111111111111111111100000000000000000111111111111111111111111111111111000000001111111111111111111111111111000000000000
00111111111111111111111111111110000000000000000111111111111111111111111111111111110000001111111111111111111111111111000000000000
00011111111111111111111111111110000000000001111111111111111111111111111111111111111110001111111111111111111111111111000000000000
00011111111111111111111111111110000000001111111111111111111111111111111111111111111111111111111111111111111111111111000000000000
00001111111111111111111111111110000000111111111111111111111111111111111111111111111111111111111111111111111111111111000000000000
00001111111111111111111111111111111111111111111111111111111111111111111111111111111111111111111111111111111111111110000000000000
00001111111111111111111111111111111111111111111111111111111111111111111111111111111111111111111111111111111111111110000000000000
00001111111111111111111111111111111111111111111111111111111111111111111111111111111111111111111111111111111111111110000000000000
00001111111111111111111111111111111111111111111111111111111111111111111111111111111111111111111111111111111111111110000000000000
00001111111111111111111111111111111111111111111111111111111111111111111111111111111111111111111111111111111111111110000000000000
00001111111111111111111111111111111111111111111111111111111111111111111111111111111111111111111111111111111111111110000000000000
00001111111111111111111111111111111111111111111111111111111111111111111111111111111111111111111111111111111111111100000000000000
00000111111111111111111111111111111111111111111111111111111111111111111111111111111111111111111111111111111111111100000000000000
00000111111111111111111111111111111111111111111111111111111111111111111111111111111111111111111111111111111111111100000000000000
00000111111111111111111111111111111111111111111111111111111111111111111111111111111111111111111111111111111111111100000000000000
00000011111111111111111111111111111111111111111111111111111111111111111111111111111111111111111111111111111111111100000000000000
00000011111111111111111111111111111111111111111111111111111111111111111111111111111111111111111111111111111111111100000000000000
00000011111111111111111111111111111111111111111111111111111111111111111111111111111111111111111111111111111111111000000000000000
00000011111111111111111111111111111111111111111111111111111111111111111111111111111111111111111111111111111111111000000000000000
00000011111111111111111111111111111111111111111111111111100111111111111111111111111111111111111111111111111111111000000000000000
00000011111111111111111111111111111111111111111111111111000001111111111111111111111111111111111111111111111111111000000000000000
00000011111111111111111111111111111111111111111111111110000000111111111111111111111111111111111111111111111111111000000000000000
00000011111111111111111111111111111111111111111111111000000000011111111111111111111111111111111111111111111111110000000000000000
00000011111111111111111111111111111111111111111111110000000000001111111111111111111111111111111111111111111111110000000000000000
00000011111111111111111111111111111111111111111111100000000000000111111111111111111111111111111111111111111111110000000000000000
00000001111111111111111111111111111111111111111111000000000000000111111111111111111111111111111111111111111111110000000000000000
00000001111111111111111111111111111111111111111110000000000000000011111111111111111111111111111111111111111111110000000000000000
00000001111111111111111111111111111111111111111100000000000000000001111111111111111111111111111111111111111111100000000000000000
00000000111111111111111111111111111111111111111000000000000000000000111111111111111111111111111111111111111111100000000000000000
00000000111111111111111111111111111111111111110000000000000000000000111111111111111111111111111111111111111111100000000000000000
00000000111111111111111111111111111111111111000000000000000000000000011111111111111111111111111111111111111111000000000000000000
00000000011111111111111111111111111111111110000000000000000000000000001111111111111111111111111111111111111110000000000000000000
00000000011111111111111111111111111111111000000000000000000000000000000001111111111111111111111111111111111110000000000000000000
00000000001111111111111111111111111111111000000000000000000000000000000000111111111111111111111111111111111100000000000000000000
00000000000111111111111111111111111111000000000000000000000000000000000000111111111111111111111111111111111000000000000000000000
00000000000000111111111111111111111100000000000000000000000000000000000000001111111111111111111111111111111000000000000000000000
00000000000000000011111111111111100000000000000000000000000000000000000000000111111111111111111111111111111000000000000000000000
00000000000000000000111111111111000000000000000000000000000000000000000000000011111111111111111111111111110000000000000000000000
00000000000000000000000000000000000000000000000000000000000000000000000000000000000100000000000000001100000000000000000000000000
00000000000000000000000000000000000000000000000000000000000000000000000000000000000000000000000000000000000000000000000000000000
00000000000000000000000000000000000000000000000000000000000000000000000000000000000000000000000000000000000000000000000000000000
00000000000000000000000000000000000000000000000000000000000000000000000000000000000000000000000000000000000000000000000000000000
00000000000000000000000000000000000000000000000000000000000000000000000000000000000000000000000000000000000000000000000000000000
00000000000000000000000000000000000000000000000000000000000000000000000000000000000000000000000000000000000000000000000000000000
00000000000000000000000000000000000000000000000000000000000000000000000000000000000000000000000000000000000000000000000000000000
00000000000000000000000000000000000000000000000000000000000000000000000000000000000000000000000000000000000000000000000000000000
