00000000000000000000000000000000000000000000000000000000000000000000000000000000000000000000000000000000000000000000000000000000
00000000000000000000000000000000000000000000000000000000000000000000000000000000000001000000000000000000000000000000000000000000
00000000000000000000000000000000000000000000000000000000000000000000000000000000001111111111100000000000000000000000000000000000
00000000000000000000000000000000000000000000000000000000000000000000000000000000001111111111111111000000000000000000000000000000
00000000000000000000000000000000000000000000000000000000000000000000000000000000001111111111111111111100000000000000000000000000
00000000000000000000000000000000000000000000000000000000000000000000000000000001111111111111111111111111000000000000000000000000
00000000000000000000000000000000000000000000000000000000000000000000000000000001111111111111111111111111000000000000000000000000
00000000000000000000000000000000000000000000000000000000000000000000000000000011111111111111111111111111000000000000000000000000
00000000000000000000000000000000000000000000000000000000000000000000000000000011111111111111111111111111100000000000000000000000
00000000000000000000000000000000000000000000000000000000000000000000000000000011111111111111111111111111100000000000000000000000
00000000000000000000000000000000000000000000000000000000000000000000000000000011111111111111111111111111000000000000000000000000
00000000000000000000000000000000000000000000000000000000000000000000000000000011111111111111111111111111000000000000000000000000
00000000000000000000000000000000000000000000000000000000000000000000000000000111111111111111111111111100000000000000000000000000
00000000000000000000000000000000000000000000000000000000000000000000000000000111111111111111111111111000000000000000000000000000
00000000000000000000000000000000000000000000000000000000000000000000000000000111111111111111111111110000000000000000000000000000
00000000000000000000000000000000000000000000000000000000000000000000000000000111111111111111111111110000000000000000000000000000
00000000000000000000000000000111111111111110000000000000000000000000000000000111111111111111111111110000000000000000000000000000
00000000000000000000000000011111111111111111100000000000000000000000000000000111111111111111111111100000000000000000000000000000
00000000000000000000000011111111111111111111111100000000000000000000000000001111111111111111111111100000000000000000000000000000
00000000000000000000000011111111111111111111111111000000000000000000000000001111111111111111111111100000000000000000000000000000
00000000000000000000000111111111111111111111111111111000000000000000000000001111111111111111111111000000000000000000000000000000
00000000000000000000000111111111111111111111111111111111000000000000000000011111111111111111111111000000000000000000000000000000
00000000000000000000001111111111111111111111111111111111111101000000000000011111111111111111111111000000000000000000000000000000
00000000000000000000001111111111111111111111111111111111111111111111000001111111111111111111111110000000000000000000000000000000
00000000000000000000011111111111111111111111111111111111111111111111111111111111111111111111111110000000000000000000000000000000
00000000000000000000111111111111111111111111111111111111111111111111111111111111111111111111111110000000000000000000000000000000
00000000000000000001111111111111111111111111111111111111111111111111111111111111111111111111111110000000000000000000000000000000
00000000000000000001111111111111111111111111111111111111111111111111111111111111111111111111111100000000000000000000000000000000
00000000000000001111111111111111111111111111111111111111111111111111111111111111111111111111111100000000000000000000000000000000
00000000000000001111111111111111111111111111111111111111111111111111111111111111111111111111111100000000000000000000000000000000
00000000000000011111111111111111111111111111111111111111111111111111111111111111111111111111111000000000000000000000000000000000
00000000000000011111111111111111111111111111111111111111111111111111111111111111111111111111111000000000000000000000000000000000
00000000000000011111111111111111111111111111111111111111111111111111111111111111111111111111111000000000000000000000000000000000
00000000000000011111111111111111111111111111111111111111111111111111111111111111111111111111111000000000000000000000000000000000
00000000000000111111111111111111111111111111111111111111111111111111111111111111111111111111111000000000000000000000000000000000
00000000000000111111111111111111111111111111111111111111111111111111111111111111111111111111110000000000000000000000000000000000
00000000000000111111111111111111111111111111111111111111111111111111111111111111111111111111110000000000000000000000000000000000
00000000000000111111111111111111111111111111111111111111111111111111111111111111111111111111110000000000000000000000000000000000
00000000000000111111111111111111111111111111111111111111111111111111111111111111111111111111100000000000000000000000000000000000
00000000000001111111111111111111111111111111111111111111111111111111111111111111111111111111100000000000000000000000000000000000
00000000000001111111111111111111111111111111111111111111111111111111111111111111111111111111100000000000000000000000000000000000
00000000000001111111111111111111111111000111111111111111111111111111111111111111111111111111000000000000000000000000000000000000
00000000000011111111111111111111111111000000000000000000011111111111111111111111111111111111000000000000000000000000000000000000
00000000000011111111111111111111111110000000000000000000000000000011111111111111111111111111000000000000000000000000000000000000
00000000000111111111111111111111111110000000000000000000000000000001111111111111111111111000000000000000000000000000000000000000
00000000000111111111111111111111111100000000000000000000000000000000011111111111111111000000000000000000000000000000000000000000
00000000000111111111111111111111111100000000000000000000000000000000000000000000000000000000000000000000000000000000000000000000
00000000001111111111111111111111111100000000000000000000000000000000000000000000000000000000000000000000000000000000000000000000
00000000001111111111111111111111111000000000000000000000000000000000000000000000000000000000000000000000000000000000000000000000
00000000000111111111111111111111111000000000000000000000000000000000000000000000000000000000000000000000000000000000000000000000
00000000000111111111111111111111111000000000000000000000000000000000000000000000000000000000000000000000000000000000000000000000
00000000001111111111111111111111111000000000000000000000000000000000000000000000000000000000000000000000000000000000000000000000
00000000001111111111111111111111110000000000000000000000000000000000000000000000000000000000000000000000000000000000000000000000
00000000001111111111111111111111110000000000000000000000000000000000000000000000011111111111110000000000000000000000000000000000
00000000011111111111111111111111110000000000000000000000000000000000000000000011111111111111111000000000000000000000000000000000
00000000011111111111111111111111110000000000000000000000000000000000000000000111111111111111111111100000000000000000000000000000
00000000011111111111111111111111110000000000000000000000000000000000000000111111111111111111111111110000000000000000000000000000
00000000111111111111111111111111110000000000000000000000000000000000000001111111111111111111111111110000000000000000000000000000
00000000111111111111111111111111110000000000000000000000000000000000000001111111111111111111111111111110000000000000000000000000
00000000111111111111111111111111110000000000000000000000000000000000000001111111111111111111111111111111000000000000000000000000
00000000111111111111111111111111110000000000000000000000000000000000000001111111111111111111111111111111110000000000000000000000
00000000111111111111111111111111110000000000000000000000000000000000000001111111111111111111111111111111110000000000000000000000
00000000111111111111111111111111110000000000000000000000000000000000000001111111111111111111111111111111111000000000000000000000
00000000111111111111111111111111100000000000000000000000000000000000000001111111111111111111111111111111111100000000000000000000
00000000111111111111111111111111100000000000000000000000000000000000000001111111111111111111111111111111111110000000000000000000
00000000111111111111111111111111110000000000000000000000000000000000000001111111111111111111111111111111111110000000000000000000
00000000111111111111111111111111100000000000000000000000000000000000000001111111111111111111111111111111111110000000000000000000
00000000111111111111111111111111100000000000000000000000000000000000000011111111111111111111111111111111111111000000000000000000
00000000111111111111111111111111100000000000000000000000000000000000000001111111111111111111111111111111111111000000000000000000
00000000111111111111111111111111100000000000000000000000000000000000000001111111111111111111111111111111111111000000000000000000
00000000111111111111111111111111100000000000000000000000000000000000000001111111111111111111111111111111111111100000000000000000
00000000111111111111111111111111100000000000000000000000000000000000000000111111111111111111111111111111111111100000000000000000
00000000111111111111111111111111100000000000000000000000000000000000000000000111111111111111111111111111111111100000000000000000
00000000111111111111111111111111000000000000000000000000000000000000000000000000000000000111111111111111111111100000000000000000
00000000111111111111111111111111000000000000000000000000000000000000000000000000000000000111111111111111111111100000000000000000
00000000111111111111111111111111000000000000000000000000000000000000000000000000000000000011111111111111111111110000000000000000
00000000111111111111111111111111000000000000000000000000000000000000000000000000000000000001111111111111111111110000000000000000
00000000111111111111111111111111000000000000000000000000000000000000000000000000000000000001111111111111111111110000000000000000
00000000111111111111111111111111000000000000000000000000000000000000000000000000000000000001111111111111111111110000000000000000
00000000111111111111111111111111000000000000000000000000000000000000000000000000000000000000111111111111111111110000000000000000
00000000011111111111111111111111000000000000000000000000011111111110000000000000000000000000111111111111111111110000000000000000
00000000011111111111111111111111000000000000000000000001111111111111000000000000000000000001111111111111111111110000000000000000
00000000011111111111111111111111000000000000000000000011111111111111111000000000000000000001111111111111111111110000000000000000
00000000011111111111111111111111000000000000000000000111111111111111111110000000000000000001111111111111111111110000000000000000
00000000011111111111111111111111000000000000000000000111111111111111111111100000000000000011111111111111111111110000000000000000
00000000011111111111111111111111000000000000000000011111111111111111111111111000000000000011111111111111111111110000000000000000
00000000011111111111111111111111000000000000000000011111111111111111111111111000000000000111111111111111111111110000000000000000
00000000111111111111111111111111000000000000000000011111111111111111111111111110000000000111111111111111111111110000000000000000
00000000011111111111111111111111000000000000000000111111111111111111111111111111110000001111111111111111111111110000000000000000
00000000011111111111111111111111000000000000000001111111111111111111111111111111111110001111111111111111111111110000000000000000
00000000011111111111111111111111000000000000000001111111111111111111111111111111111111001111111111111111111111110000000000000000
00000000011111111111111111111111100000000000000011111111111111111111111111111111111111111111111111111111111111110000000000000000
00000000011111111111111111111111100000000000000011111111111111111111111111111111111111111111111111111111111111110000000000000000
00000000011111111111111111111111110000000000000111111111111111111111111111111111111111111111111111111111111111110000000000000000
00000000011111111111111111111111111110000000111111111111111111111111111111111111111111111111111111111111111111000000000000000000
00000000011111111111111111111111111111111111111111111111111111111111111111111111111111111111111111111111111111000000000000000000
00000000001111111111111111111111111111111111111111111111111111111111111111111111111111111111111111111111111100000000000000000000
00000000001111111111111111111111111111111111111111111111111111111111111111111111111111111111111111111111111000000000000000000000
00000000001111111111111111111111111111111111111111111111111111111111111111111111111111111111111111111111111000000000000000000000
00000000000011111111111111111111111111111111111111111111111111111111111111111111111111111111111111111111111000000000000000000000
00000000000011111111111111111111111111111111111111111111111111111111111111111111111111111111111111111111110000000000000000000000
00000000000011111111111111111111111111111111111111111111111111111111111111111111111111111111111111111111100000000000000000000000
00000000000011111111111111111111111111111111111111111111111111111111111111111111111111111111111111111111100000000000000000000000
00000000000011111111111111111111111111111111111111111111111111111111111111111111111111111111111111111111000000000000000000000000
00000000000011111111111111111111111111111111111111111111111111111111111111111111111111111111111111111111000000000000000000000000
00000000000000011111111111111111111111111111111111111111111111100111111111111111111111111111111111111111000000000000000000000000
00000000000000011111111111111111111111111111111111111111111110000001111111111111111111111111111111111110000000000000000000000000
00000000000000000111111111111111111111111111111111111111111100000001111111111111111111111111111111111100000000000000000000000000
00000000000000000011111111111111111111111111111111111111111100000000011111111111111111111111111111111100000000000000000000000000
00000000000000000001111111111111111111111111111111111111110000000000000001011111111111111111111111111100000000000000000000000000
00000000000000000000111111111111111111111111111111111111000000000000000000000011111111111111111111111000000000000000000000000000
00000000000000000000011111111111111111111111111111111111000000000000000000000000111111111111111111110000000000000000000000000000
00000000000000000000001111111111111111111111111111111000000000000000000000000000001111111111111000000000000000000000000000000000
00000000000000000000000111111111111111111111111111100000000000000000000000000000000001000100000000000000000000000000000000000000
00000000000000000000000001111111111111111111111100000000000000000000000000000000000000000000000000000000000000000000000000000000
00000000000000000000000000011111111111111111110000000000000000000000000000000000000000000000000000000000000000000000000000000000
00000000000000000000000000000000000000000000000000000000000000000000000000000000000000000000000000000000000000000000000000000000
00000000000000000000000000000000000000000000000000000000000000000000000000000000000000000000000000000000000000000000000000000000
00000000000000000000000000000000000000000000000000000000000000000000000000000000000000000000000000000000000000000000000000000000
00000000000000000000000000000000000000000000000000000000000000000000000000000000000000000000000000000000000000000000000000000000
00000000000000000000000000000000000000000000000000000000000000000000000000000000000000000000000000000000000000000000000000000000
00000000000000000000000000000000000000000000000000000000000000000000000000000000000000000000000000000000000000000000000000000000
00000000000000000000000000000000000000000000000000000000000000000000000000000000000000000000000000000000000000000000000000000000
00000000000000000000000000000000000000000000000000000000000000000000000000000000000000000000000000000000000000000000000000000000
00000000000000000000000000000000000000000000000000000000000000000000000000000000000000000000000000000000000000000000000000000000
00000000000000000000000000000000000000000000000000000000000000000000000000000000000000000000000000000000000000000000000000000000
00000000000000000000000000000000000000000000000000000000000000000000000000000000000000000000000000000000000000000000000000000000
00000000000000000000000000000000000000000000000000000000000000000000000000000000000000000000000000000000000000000000000000000000
