00000000000000000000000000000000000000000000000000000000000000000000000000000000000000000000000000000000000000000000000000000000
00000000000000000000000000000000000000000000000000000000000000000000000000000000000100000000000000000000000000000000000000000000
00000000000000000000000000000000000000000000000000000000000000000000000000000000111111111111100000000000000000000000000000000000
00000000000000000000000000000000000000000000000000000000000000000000000000000000111111111111100000000000000000000000000000000000
00000000000000000000000000000000000000000000000000000000000000000000000000000010111111111111100000000000000000000000000000000000
00000000000000000000000000000000000000000000000000000000000000000000000000011111111111111111100000000000000000000000000000000000
00000000000000000000000000000000000000000000000000000000000000000000000000111111111111111111100000000000000000000000000000000000
00000000000000000000000000000000000000000000000000000000000000000000000001111111111111111111100000000000000000000000000000000000
00000000000000000000000000000000000000000000000000000000000000000000000011111111111111111111100000000000000000000000000000000000
00000000000000000000000000000000000000000000000000000000000000000000000011111111111111111111100000000000000000000000000000000000
00000000000000000000000000000000000000000000000000000000000000000000000111111111111111111111100000000000000000000000000000000000
00000000000000000000000000000000000000000000000000000000000000000000001111111111111111111111100000000000000000000000000000000000
00000000000000000000000000100000000100000000000000000000000000000000001111111111111111111111000000000000000000000000000000000000
00000000000000000000000011111111111111110000000000000000000000000000001111111111111111111111000000000000000000000000000000000000
00000000000000000000001111111111111111111110000000000000000000000000011111111111111111111110000000000000000000000000000000000000
00000000000000000000011111111111111111111111111000000000000000000000011111111111111111111110000000000000000000000000000000000000
00000000000000000000111111111111111111111111111110000000000000000000111111111111111111111100000000000000000000000000000000000000
00000000000000000001111111111111111111111111111111000000000000000001111111111111111111110000000000000000000000000000000000000000
00000000000000000011111111111111111111111111111111110000000000000011111111111111111111110000000000000000000000000000000000000000
00000000000000000011111111111111111111111111111111111110000000000111111111111111111111110000000000000000000000000000000000000000
00000000000000000111111111111111111111111111111111111111000000000111111111111111111111100000000000000000000000000000000000000000
00000000000000000111111111111111111111111111111111111111111100001111111111111111111111000000000000000000000000000000000000000000
00000000000000000111111111111111111111111111111111111111111110011111111111111111111111000000000000000000000000000000000000000000
00000000000000000111111111111111111111111111111111111111111111111111111111111111111110000000000000000000000000000000000000000000
00000000000000001111111111111111111111111111111111111111111111111111111111111111111110000000000000000000000000000000000000000000
00000000000000011111111111111111111111111111111111111111111111111111110011111111111110000000000000000000000000000000000000000000
00000000000000011111111111111111111111111111111111111111111111111111111111111111111100000000000000000000000000000000000000000000
00000000000000111111111111111111111111111111111111111111111111111111111111111111111100000000000000000000000000000000000000000000
00000000000011111111111111111111111111111111111111111111111111111111111111111111111100000000000000000000000000000000000000000000
00000000000111111111111111111111111111111111111111111111111111111111111111111111111000000000000000000000000000000000000000000000
00000000000111111111111111111111111111111111111111111111111111111111111111111111111000000000000000000000000000000000000000000000
00000000001111111111111111111111111111111111111111111111111111111111111111111111111000000000000000000000000000000000000000000000
00000000001111111111111111111111111111111111111111111111111111111111111111111111110000000000000000000000000000000000000000000000
00000000001111111111111111111111111111111111111111111111111111111111111111111111110000000000000000000000000000000000000000000000
00000000001111111111111111111111111111111111111111111111111111111111111111111111100000000000000000000000000000000000000000000000
00000000001111111111111111111111100001111111111111111111111111111111111111111111000000000000000000000000000000000000000000000000
00000000001111111111111111111111000000001111111111111111111111111111111111111111000000000000000000000000000000000000000000000000
00000000001111111111111111111111000000000011111111111111111111111111111111111100000000000000000000000000000000000000000000000000
00000000011111111111111111111110000000000000011111111111111111111111111111111100000000000000000000000000000000000000000000000000
00000000011111111111111111111110000000000000000111111111111111111111111111111000000000000000000000000000000000000000000000000000
00000000111111111111111111111110000000000000000001111111111111111111111111100000000000000000000000000000000000000000000000000000
00000000111111111111111111111100000000000000000000000011111111111111111110000000000000000000000000000000000000000000000000000000
00000000111111111111111111111000000000000000000000000000000001000000100000000000000000000000000000000000000000000000000000000000
00000001111111111111111111111000000000000000000000000000000000000000000000000000000000000000000000000000000000000000000000000000
00000001111111111111111111111000000000000000000000000000000000000000000000000000000000000000000000000000000000000000000000000000
00000001111111111111111111110000000000000000000000000000000000000000000000000000000000000000000000000000000000000000000000000000
00000011111111111111111111110000000000000000000000000000000000000000000000000000000000000000000000000000000000000000000000000000
00000011111111111111111111100000000000000000000000000000000000000000000000000000000000000000000000000000000000000000000000000000
00000111111111111111111111100000000000000000000000000000000000000000000000000000000000000000000000000000000000000000000000000000
00000111111111111111111111000000000000000000000000000000000000000000000000000000000000000000000000000000000000000000000000000000
00000111111111111111111111000000000000000000000000000000000000000000000000000000000000000000000000000000000000000000000000000000
00001111111111111111111111000000000000000000000000000000000000000000011000011101100000000000000000000000000000000000000000000000
00001111111111111111111111000000000000000000000000000000000000000111111111111111111100000000000000000000000000000000000000000000
00001111111111111111111111000000000000000000000000000000000000001111111111111111111111100000000000000000000000000000000000000000
00011111111111111110111111000000000000000000000000000000000000011111111111111111111111110000000000000000000000000000000000000000
00011111111111111111111111000000000000000000000000000000000000011111111111111111111111111000000000000000000000000000000000000000
00011111111111111111111110000000000000000000000000000000000000011111111111111111111111111000000000000000000000000000000000000000
00011111111111111111111110000000000000000000000000000000000000111111111111111111111111111100000000000000000000000000000000000000
00111111111111111111111110000000000000000000000000000000000000011111111111111111111111111111000000000000000000000000000000000000
00111111111111111111111110000000000000000000000000000000000000111111111111111111111111111111100000000000000000000000000000000000
00111111111111111111111110000000000000000000000000000000000000011111111111111111111111111111110000000000000000000000000000000000
00111111111111111111111110000000000000000000000000000000000000011111111111111111111111111111111000000000000000000000000000000000
00111111111111111111111110000000000000000000000000000000000000011111111111111111111111111111111000000000000000000000000000000000
00111111111111111111111110000000000000000000000000000000000000011111111111111111111111111111111110000000000000000000000000000000
00111111111111111111111110000000000000000000000000000000000000011111111111111111111111111111111110000000000000000000000000000000
00111111111111111111111110000000000000000000000000000000000000011111111111111111111111111111111111110000000000000000000000000000
00111111111111111111111110000000000000000000000000000000000000011111111111111111111111111111111111111000000000000000000000000000
00111111111111111111111110000000000000000000000000000000000000011111111111111111111111111111111111111000000000000000000000000000
00111111111111111111111110000000000000000000000000000000000000001111111111111111111111111111111111111100000000000000000000000000
00111111111111111111111110000000000000000000000000000000000000001111111111111111111111111111111111111100000000000000000000000000
00111111111111111111111110000000000000000000000000000000000000000011111111111111111111111111111111111100000000000000000000000000
00111111111111111111111110000000000000000000000000000000000000000001111111111000111111111111111111111110000000000000000000000000
00111111111111111111111110000000000000000000000000000000000000000000000000000000111111111111111111111110000000000000000000000000
00111111111111111111111110000000000000000000000000000000000000000000000000000000111111111111111111111111000000000000000000000000
00111111111111111111111110000000000000000000000000000000000000000000000000000000111111111111111111111111000000000000000000000000
00111111111111111111111110000000000000000000000000000000000000000000000000000000111111111111111111111111000000000000000000000000
00111111111111111111111110000000000000000000000000000000000000000000000000000000111111111111111111111111000000000000000000000000
00111111111111111111111110000000000000000000000000000000000000000000000000000000111111111111111111111111000000000000000000000000
00111111111111111111111110000000000000000000000000000000000000000000000000000000111111111111111111111111000000000000000000000000
00111111111111111111111110000000000000000000000000000000000000000000000000000000111111111111111111111111100000000000000000000000
00111111111111111111111110000000000000000000000000000000000000000000000000000000111111111111111111111111100000000000000000000000
00111111111111111111111110000000000000000000000000000000000000000000000000000000111111111111111111111111110000000000000000000000
00011111111111111111111110000000000000000000000000000000000000000000000000000000111111111111111111111111110000000000000000000000
00011111111111111111111110000000000000000000000000000000000000100000000000000000111111111111111111111111110000000000000000000000
00011111111111111111111110000000000000000000000000000111111111111111100000000000111111111111111111111111110000000000000000000000
00011111111111111111111110000000000000000000000000001111111111111111111000000000111111111111111111111111110000000000000000000000
00011111111111111111111111000000000000000000000000111111111111111111111111000000111111111111111111111111110000000000000000000000
00001111111111111111111111100000000000000000000011111111111111111111111111100000111111111111111111111111110000000000000000000000
00001111111111111111111111100000000000000000111111111111111111111111111111111000111111111111111111111111110000000000000000000000
00001111111111111111111111110000000000000001111111111111111111111111111111111100111111111111111111111111110000000000000000000000
00001111111111111111111111110000000000011111111111111111111111111111111111111111111111111111111111111111110000000000000000000000
00000111111111111111111111111000000011111111111111111111111111111111111111111111111111111111111111111111110000000000000000000000
00000111111111111111111111111110111111111111111111111111111111111111111111111111111111111111111111111111110000000000000000000000
00000111111111111111111111111111111111111111111111111111111111111111111111111111111111111111111111111111110000000000000000000000
00000111111111111111111111111111111111111111111111111111111111111111111111111111111111111111111111111111110000000000000000000000
00000111111111111111111111111111111111111111111111111111111111111111111111111111111111111111111111111111110000000000000000000000
00000011111111111111111111111111111111111111111111111111111111111111111111111111111111111111111111111111110000000000000000000000
00000011111111111111111111111111111111111111111111111111111111111111111111111111111111111111111111111111100000000000000000000000
00000011111111111111111111111111111111111111111111111111111111111111111111111111111111111111111111111111100000000000000000000000
00000001111111111111111111111111111111111111111111111111111111111111111111111111111111111111111111111111100000000000000000000000
00000001111111111111111111111111111111111111111111111111111111111111111111111111111111111111111111111111000000000000000000000000
00000000111111111111111111111111111111111111111111111111111111111111111111111111111111111111111111111111000000000000000000000000
00000000111111111111111111111111111111111111111111111111111111111111111111111111111111111111111111111111000000000000000000000000
00000000111111111111111111111111111111111111111111111111111111111111111111111111111111111111111111111111000000000000000000000000
00000000011111111111111111111111111111111111111111111111111111111111111111111111111111111111111111111110000000000000000000000000
00000000001111111111111111111111111111111111111111111110000011111111111111111111111111111111111111111110000000000000000000000000
00000000001111111111111111111111111111111111111111111000000001111111111111111111111111111111111111111100000000000000000000000000
00000000001111111111111111111111111111111111111111100000000001111111111111111111111111111111111111111100000000000000000000000000
00000000000111111111111111111111111111111111111110000000000000011111111111111111111111111111111111111100000000000000000000000000
00000000000011111111111111111111111111111111111100000000000000000111111111111111111111111111111111111000000000000000000000000000
00000000000001111111111111111111111111111111110000000000000000000001111111111111111111111111111111100000000000000000000000000000
00000000000001111111111111111111111111111111100000000000000000000001111111111111111111111111111111000000000000000000000000000000
00000000000000011111111111111111111111111100000000000000000000000000011111111111111111111111111110000000000000000000000000000000
00000000000000011111111111111111111111110000000000000000000000000000000111111111111111111111111110000000000000000000000000000000
00000000000000001111111111111111111111100000000000000000000000000000000011111111111111111111111100000000000000000000000000000000
00000000000000000111111111111111111111000000000000000000000000000000000011111111111111111111111000000000000000000000000000000000
00000000000000000011111111111111111111000000000000000000000000000000000001111111111111111111100000000000000000000000000000000000
00000000000000000000111111111111111110000000000000000000000000000000000000011111111111111100000000000000000000000000000000000000
00000000000000000000001111111111111000000000000000000000000000000000000000000000000000000000000000000000000000000000000000000000
00000000000000000000001111111111000000000000000000000000000000000000000000000000000000000000000000000000000000000000000000000000
00000000000000000000000000000000000000000000000000000000000000000000000000000000000000000000000000000000000000000000000000000000
00000000000000000000000000000000000000000000000000000000000000000000000000000000000000000000000000000000000000000000000000000000
00000000000000000000000000000000000000000000000000000000000000000000000000000000000000000000000000000000000000000000000000000000
00000000000000000000000000000000000000000000000000000000000000000000000000000000000000000000000000000000000000000000000000000000
00000000000000000000000000000000000000000000000000000000000000000000000000000000000000000000000000000000000000000000000000000000
00000000000000000000000000000000000000000000000000000000000000000000000000000000000000000000000000000000000000000000000000000000
00000000000000000000000000000000000000000000000000000000000000000000000000000000000000000000000000000000000000000000000000000000
00000000000000000000000000000000000000000000000000000000000000000000000000000000000000000000000000000000000000000000000000000000
