00000000000000000000000000000000000000000000000000000000000000000000000000000000000000000000000000000000000000000000000000000000
00000000000000000000000000000000000000000000000000000000000000000000000000000000000000000000000000000000000000000000000000000000
00000000000000000000000000000000000000000000000000000000000000000000000000000000000000000000000000000000000000000000000000000000
00000000000000000000000000000000000000000000000000000000000000000000000000000000000000000000000000000000000000000000000000000000
00000000000000000000000000000000000000000000000000000000000000000000000000000000000000000000000000000000000000000000000000000000
00000000000000000000000000000000000000000000000000000000000000000000000000000000000000000000000000000000000000000000000000000000
00000000000000000000000000000000000000000000000000000000000000000000001000000000000000000000000000000000000000001010000000000000
00000000000000000000000000000000111111111110000000000000000000000001111111000000000000000000000000000000000111111111111100000000
00000000000000000000000000000001111111111111111000000000000000000001111111111111000000000000000000000000011111111111111111100000
00000000000000000000000000000001111111111111111110000000000000000011111111111111110000000000000000000000011111111111111111100000
00000000000000000000000000000001111111111111111111110000000000001111111111111111111000000000000000000001111111111111111111110000
00000000000000000000000000000011111111111111111111111100000000011111111111111111111110000000000000001111111111111111111111111100
00000000000000000000000000011111111111111111111111111110000000111111111111111111111110000000000000011111111111111111111111111100
00000000000000000000000000011111111111111111111111111111100011111111111111111111111111000000000000011111111111111111111111111110
00000000000000000000000000011111111111111111111111111111111111111111111111111111111111000000000000111111111111111111111111111100
00000000000000000000000000111111111111111111111111111111111111111111111111111111111111100000000000111111111111111111111111111100
00000000000000000000000000111111111111111111111111111111111111111111111111111111111111100000000001111111111111111111111111111100
00000000000000000000000001111111111111111111111111111111111111111111111111111111111111000000000001111111111111111111111111111000
00000000000000000000000011111111111111111111111111111111111111111111111111111111111111000000000011111111111111111111111111100000
00000000000000000000000011111111111111111111111111111111111111111111111111111111111111110000000011111111111111111111111111100000
00000000000000000000000111111111111111111111111111111111111111111111111111111111111111110000000011111111111111111111111111000000
00000000000000000000000111111111111111111111111111111111111111111111111111111111111111110000000011111111111111111111111110000000
00000000000000000000000111111111111111111111111111111111111111111111111111111111111111110000000011111111111111111111111110000000
00000000000000000000001111111111111111111111111111111111111111111111111111111111111111111000000111111111111111111111111110000000
00000000000000000000001111111111111111111111111111111111111111111111111111111111111111111000000111111111111111111111111110000000
00000000000000000000011111111111111111111111111111111111111111111111111111111111111111111000000111111111111111111111111100000000
00000000000000000000011111111111111111111111111111111111111111111111111111111111111111111000001111111111111111111111111100000000
00000000000000000000111111111111111111111111111111111111111111111111111111111111111111111100001111111111111111111111111000000000
00000000000000000000111111111111111111111111111111111111111111111111111111111111111111111000001111111111111111111111110000000000
00000000000000000000111111111111111111111111111111111111111111111111111111111111111111111000001111111111111111111111110000000000
00000000000000000001111111111111111111111111111111111111111111111111111111111111111111111100001111111111111111111111100000000000
00000000000000000001111111111111111111111111111111111111111111111111111111111111111111111000001111111111111111111111100000000000
00000000000000000001111111111111111111111111111111111111111111111110001111111111111111111000011111111111111111111111000000000000
00000000000000000011111111111111111111111111111111111111111111111110001111111111111111111000011111111111111111111111000000000000
00000000000000000011111111111111111111111111111111111111111111111100001111111111111111111000011111111111111111111111000000000000
00000000000000000011111111111111111111111111111111111111111111111000000111111111111111111000011111111111111111111111000000000000
00000000000000000011111111111111111111111111111111111111111111111000000111111111111111111000011111111111111111111111000000000000
00000000000000000111111111111111111111111111111111111111111111111000000111111111111111111000011111111111111111111111000000000000
00000000000000000111111111111111111111111111111111111111111111110000000111111111111111111000011111111111111111111110000000000000
00000000000000000111111111111111111111100001111111111111111111100000000111111111111111111100011111111111111111111110000000000000
00000000000000001111111111111111111111100000111111111111111110000000000111111111111111111000011111111111111111111110000000000000
00000000000000001111111111111111111111100000011111111111111100000000000111111111111111111000011111111111111111111110000000000000
00000000000000001111111111111111111111000000000111111111110000000000000011111111111111111000011111111111111111111110000000000000
00000000000000001111111111111111111111000000000001110100000000000000000011111111111111111000011111111111111111111110000000000000
00000000000000001111111111111111111111000000000000000000000000000000000011111111111111111000011111111111111111111110000000000000
00000000000000011111111111111111111110000000000000000000000000000000000011111111111111111000111111111111111111111110000000000000
00000000000000011111111111111111111110000000000000000000000000000000000011111111111111111000011111111111111111111110000000000000
00000000000000011111111111111111111110000000000000000000000000000000000011111111111111111000011111111111111111111110000000000000
00000000000000011111111111111111111110000000000000000000000000000000000011111111111111111000111111111111111111111110000000000000
00000000000000111111111111111111111110000000000000000000000000000000000011111111111111111000111111111111111111111110000000000000
00000000000000111111111111111111111110000000000000000000000000000000000011111111111111111000111111111111111111111110000000000000
00000000000001111111111111111111111110000000000000000000000000000000000011111111111111111001111111111111111111111110000000000000
00000000000011111111111111111111111110000000000000000000000000000000000011111111111111111001111111111111111111111110000000000000
00000000000011111111111111111111111100000000000000000000000000000000000011111111111111111000111111111111111111111110000000000000
00000000000111111111111111111111111100000000000000000000000000000000000011111111111111111000111111111111111111111110000000000000
00000000000111111111111111111111111100000000000000000000000000000000000011111111111111111000111111111111111111111110000000000000
00000000000111111111111111111111111100000000000000000000000000000000000011111111111111111000111111111111111111111110000000000000
00000000001111111111111111111111111100000000000000000000000000000000000011111111111111111000111111111111111111111110000000000000
00000000001111111111111111111111111100000000000000000000000000000000000011111111111111111000111111111111111111111110000000000000
00000000001111111111111111111111111111110000000000000000000000000000000111111111111111111000111111111111111111111110000000000000
00000000001111111111111111111111111111111100000000000000000000000000000111111111111111110000111111111111111111111110000000000000
00000000001111111111111111111111111111111100000000000000000000000000000111111111111111110000111111111111111111111110000000000000
00000000001111111111111111111111111111111110000000000000000000000000000111111111111111110000111111111111111111111110000000000000
00000000011111111111111111111111111111111110000000000000000000000000000111111111111111110000111111111111111111111110000000000000
00000000011111111111111111111111111111111111000000000000000000000000000111111111111111110000111111111111111111111110000000000000
00000000011111111111111111111111111111111111000000000000000000000000000111111111111111110000111111111111111111111110000000000000
00000000011111111111111111111111111111111111100000000000000000000000000111111111111111110000111111111111111111111110000000000000
00000000011111111111111111111111111111111111100000000000000000000000000111111111111111110000111111111111111111111110000000000000
00000000011111111111111111111111111111111111100000000000000000000000000111111111111111110000111111111111111111111110000000000000
00000000111111111111111111111111111111111111110000000000000000000000001111111111111111110000111111111111111111111110000000000000
00000000111111111111111111111111111111111111110000000000000000000000001111111111111111100000111111111111111111111110000000000000
00000000111111111111111111111111111111111111110000000000000000000000001111111111111111100000111111111111111111111110000000000000
00000000111111111111111111111111111111111111110000000000000000000000001111111111111111100000111111111111111111111110000000000000
00000000111111111111111111111111111111111111111000000000000000000000001111111111111111000000111111111111111111111110000000000000
00000000111111111111111111111111111111111111111100000000000000000000011111111111111111000000111111111111111111111110000000000000
00000000111111111111111111111111111111111111111110000000000000000000011111111111111111000000111111111111111111111100000000000000
00000000111111111111111111111111111111111111111110000000000000000000011111111111111111000000011111111111111111111100000000000000
00000000111111111111111111111111111111111111111110000000000000000000111111111111111111000000011111111111111111111100000000000000
00000000111111111111111111111111111111111111111110000000000000000000111111111111111111000000001111111111111111111100000000000000
00000001111111111111111111111111111111111111111110000000000000000000111111111111111111000000001111111111111111111100000000000000
00000000111111111111111111111111111111111111111110000000000000000001111111111111111111000000001111111111111111111100000000000000
00000001111111111111111111111111111111111111111110000000000000000001111111111111111111000000001111111111111111111100000000000000
00000001111111111111111111111111111111111111111110000000000000000001111111111111111111000000001111111111111111111100000000000000
00000000111111111111111111111111111111111111111110000000000000000011111111111111111111000000001111111111111111111100000000000000
00000000111111111111111111111111111111111111111110000000000000000011111111111111111111000000001111111111111111111100000000000000
00000000111111111111111111111111111111111111111110000000000000000011111111111111111111000000001111111111111111111100000000000000
00000000111111111111111111111111111111111111111110000000000000000011111111111111111110000000001111111111111111111100000000000000
00000000111111111111111111111111111111111111111100000000000000000111111111111111111110000000001111111111111111111100000000000000
00000000111111111111111111111011111111111111111100000000000000000111111111111111111111000000001111111111111111111100000000000000
00000000111111111111111111110011111111111111111100000000000000001111111111111111111110000000001111111111111111111100000000000000
00000000111111111111111111110011111111111111111000000000000000001111111111111111111110000000001111111111111111111100000000000000
00000000111111111111111111110011111111111111111000000000000000001111111111111111111110000000001111111111111111111100000000000000
00000000111111111111111111110011111111111111111000000000000000001111111111111111111110000000001111111111111111111100000000000000
00000000111111111111111111110011111111111111111000000000000000001111111111111111111110000000001111111111111111111100000000000000
00000000111111111111111111110011111111111111111000000000000000011111111111111111111110000000001111111111111111111100000000000000
00000000111111111111111111110011111111111111111000000000000000011111111111111111111110000000001111111111111111111100000000000000
00000000111111111111111111100011111111111111111000000000000000011111111111111111111110000000001111111111111111111100000000000000
00000000111111111111111111110011111111111111111000000000000000111111111111111111111110000000001111111111111111111100000000000000
00000001111111111111111111100011111111111111110000000000000000111111111111111111111110000000011111111111111111111100000000000000
00000001111111111111111111100011111111111111110000000000000000111111111111111111111110000000011111111111111111111000000000000000
00000001111111111111111111100011111111111111110000000000000000111111111111111111111110000000011111111111111111111000000000000000
00000001111111111111111111100111111111111111100000000000000000111111111111111111111111111111111111111111111111111000000000000000
00000000111111111111111111111111111111111111100000000000000000111111111111111111111111111111111111111111111111111000000000000000
00000000111111111111111111111111111111111111100000000000000001111111111111111111111111111111111111111111111111111000000000000000
00000000111111111111111111111111111111111111100000000000000001111111111111111111111111111111111111111111111111111000000000000000
00000000111111111111111111111111111111111111000000000000000001111111111111111111111111111111111111111111111111111000000000000000
00000000111111111111111111111111111111111111000000000000000001111111111111111111111111111111111111111111111111111000000000000000
00000000011111111111111111111111111111111110000000000000000001111111111111111111111111111111111111111111111111110000000000000000
00000000011111111111111111111111111111111110000000000000000001111111111111111111111111111111111111111111111111110000000000000000
00000000011111111111111111111111111111111100000000000000000001111111111111111111111111111111111111111111111111100000000000000000
00000000001111111111111111111111111111111100000000000000000001111111111111111111111111111111111111111111111111100000000000000000
00000000001111111111111111111111111111111100000000000000000001111111111111111111111111111111111111111111111111100000000000000000
00000000000011111111111111111111111111111100000000000000000001111111111111111111111111111111111111111111111111000000000000000000
00000000000011111111111111111111111111111000000000000000000001111111111111111111111111111111111111111111111111000000000000000000
00000000000001111111111111111111111111110000000000000000000000111111111111111111111111111111111111111111111000000000000000000000
00000000000001111111111111111111111111110000000000000000000000111111111111111111111111111111111111111111111000000000000000000000
00000000000000011111111111111111111111110000000000000000000000111111111111111111111111111111111111111111111000000000000000000000
00000000000000001111111111111111111111100000000000000000000000011111111111111111111111111111111111111111110000000000000000000000
00000000000000000000111111111111111111100000000000000000000000001111111111111111111111111111111111111111100000000000000000000000
00000000000000000000000000001100011111000000000000000000000000000011111111111111111111111111111111111100000000000000000000000000
00000000000000000000000000000000000000000000000000000000000000000000011111111111111111111111111111111000000000000000000000000000
00000000000000000000000000000000000000000000000000000000000000000000000011111111111111111111111111100000000000000000000000000000
00000000000000000000000000000000000000000000000000000000000000000000000000011111111111111111111110000000000000000000000000000000
00000000000000000000000000000000000000000000000000000000000000000000000000000000000001000000010000000000000000000000000000000000
00000000000000000000000000000000000000000000000000000000000000000000000000000000000000000000000000000000000000000000000000000000
00000000000000000000000000000000000000000000000000000000000000000000000000000000000000000000000000000000000000000000000000000000
00000000000000000000000000000000000000000000000000000000000000000000000000000000000000000000000000000000000000000000000000000000
00000000000000000000000000000000000000000000000000000000000000000000000000000000000000000000000000000000000000000000000000000000
