00000000000000000000000000000000000000000000000000000000000000000000000000000000000000000000000000000000000000000000000000000000
00000000000000000000000000000000000000000000000000000000000000000000000000000000000000000000000000000000000000000000000000000000
00000000000000000000000000000000000000000000000000000000000000000000000000000000000000000000000000000000000000000000000000000000
00000000000000000000000000000000000000000000000000000000000000000000000000000000000000000000000000000000000000000000000000000000
00000000000000000000000000000000000000000000000000000000000000000000000000000000000000000000000000000000000000000000000000000000
00000000000000000000000000000000000000000000000000000000000000000000000000000000000000000000000000000000000000000000000000000000
00000000000000000000000000000000000000000000000000000000000000000000000000000000000000000000000000000000000000000000000000000000
00000000000000000000000000000000000000000000000000000000000000111111111100000000000000000000000111111111111111000000000000000000
00000000000000000001111111111000000000000000000000000000001111111111111110000000000000000000111111111111111111111100000000000000
00000000000000000011111111111110000000000000000000000000111111111111111111000000000000000000111111111111111111111100000000000000
00000000000000001111111111111111111000000000000000000011111111111111111111100000000000000001111111111111111111111100000000000000
00000000000000001111111111111111111110000000000000001111111111111111111111100000000000000001111111111111111111111100000000000000
00000000000000011111111111111111111111100000000000011111111111111111111111110000000000000001111111111111111111111100000000000000
00000000000000111111111111111111111111110000000000111111111111111111111111110000000000000011111111111111111111100000000000000000
00000000000000111111111111111111111111111100000001111111111111111111111111111000000000000001111111111111111111000000000000000000
00000000000001111111111111111111111111111111000011111111111111111111111111111000000000000001111111111111111110000000000000000000
00000000000011111111111111111111111111111111111111111111111111111111111111111100000000000011111111111111111110000000000000000000
00000000000111111111111111111111111111111111111111111111111111111111111111111110000000000001111111111111111110000000000000000000
00000000001111111111111111111111111111111111111111111111111111111111111111111110000000000011111111111111111110000000000000000000
00000000001111111111111111111111111111111111111111111111111111111111111111111111000000000001111111111111111110000000000000000000
00000000001111111111111111111111111111111111111111111111111111111111111111111111000000000001111111111111111110000000000000000000
00000000011111111111111111111111111111111111111111111111111111111111111111111111100000000001111111111111111110000000000000000000
00000000011111111111111111111111111111111111111111111111111111111111111111111111110000000001111111111111111110000000000000000000
00000000111111111111111111111111111111111111111111111111111111111111111111111111110000000001111111111111111110000000000000000000
00000000111111111111111111111111111111111111111111111111111111111111111111111111111000000001111111111111111111000000000000000000
00000000111111111111111111111111111111111111111111111111111111111111111111111111111000000001111111111111111111000000000000000000
00000000111111111111111111111111111111111111111111111111111111111111111111111111111000000001111111111111111111000000000000000000
00000000111111111111111111111111111111111111111111111111111111111111111111111111111000000001111111111111111111000000000000000000
00000001111111111111111111111111111111111111111111111111111111111111111111111111111000000001111111111111111111000000000000000000
00000001111111111111111111111111111111111111111111111111111111111111111111111111111100000001111111111111111111000000000000000000
00000001111111111111111111111111111111111111111111111111111111111111111111111111111100000001111111111111111111000000000000000000
00000011111111111111111111111111111110001111111111111111111111111111111111111111111100000001111111111111111111100000000000000000
00000011111111111111111111111111111100000111111111111111111111001111111111111111111110000000111111111111111111100000000000000000
00000011111111111111111111111111111100000000000111111111111100001111111111111111111110000000111111111111111111100000000000000000
00000011111111111111111111111111111000000000000011111111100000000111111111111111111110000000111111111111111111100000000000000000
00000011111111111111111111111111110000000000000000111111000000000111111111111111111110000000111111111111111111100000000000000000
00000011111111111111111111111111100000000000000000000000000000000111111111111111111111000000011111111111111111100000000000000000
00000011111111111111111111111111100000000000000000000000000000000011111111111111111111000000011111111111111111110000000000000000
00000011111111111111111111111111000000000000000000000000000000000011111111111111111111000000011111111111111111110000000000000000
00000111111111111111111111111111000000000000000000000000000000000011111111111111111111000000011111111111111111110000000000000000
00000011111111111111111111111111000000000000000000000000000000000011111111111111111111000000001111111111111111110000000000000000
00000011111111111111111111111110000000000000000000000000000000000011111111111111111111000000001111111111111111110000000000000000
00000011111111111111111111111110000000000000000000000000000000000011111111111111111111000000001111111111111111110000000000000000
00000011111111111111111111111110000000000000000000000000000000000011111111111111111111000000000111111111111111110000000000000000
00000011111111111111111111111100000000000000000000000000000000000011111111111111111111100000000111111111111111110000000000000000
00000011111111111111111111111000000000000000000000000000000000000011111111111111111111000000000111111111111111110000000000000000
00000011111111111111111111111000000000000000000000000000000000000011111111111111111111000000000111111111111111110000000000000000
00000011111111111111111111111000000000000000000000000000000000000011111111111111111111000000000011111111111111110000000000000000
00000011111111111111111111110000000000000000000000000000000000000011111111111111111111000000000011111111111111110000000000000000
00000011111111111111111111100000000000000000000000000000000000000011111111111111111111000000000011111111111111110000000000000000
00000011111111111111111111100000000000000000000000000000000000000011111111111111111111000000000011111111111111110000000000000000
00000011111111111111111111000000000000000000000000000000000000000011111111111111111111100000000011111111111111110000000000000000
00000011111111111111111111000000000000000000000000000000000000000011111111111111111111100000000011111111111111110000000000000000
00000011111111111111111111000000000000000000000000000000000000000011111111111111111111100000000001111111111111110000000000000000
00000011111111111111111111000000000000000000000000000000000000000011111111111111111111100000000001111111111111110000000000000000
00000011111111111111111111000000000000000000000000000000000000000011111111111111111111100000000001111111111111110000000000000000
00000011111111111111111110000000000000000000000000000000000000000011111111111111111111100000000001111111111111110000000000000000
00000011111111111111111110000000000000000000000000000000000000000011111111111111111111100000000001111111111111110000000000000000
00000011111111111111111110000000000000000000000000000000000000000001111111111111111111100000000001111111111111110000000000000000
00000011111111111111111110000000000000000000000000000000000000000001111111111111111111100000000001111111111111111000000000000000
00000011111111111111111110000000000000000000000000000000000000000001111111111111111111100000000000111111111111111000000000000000
00000011111111111111111110000000000000000000000000000000000000000001111111111111111111100000000000111111111111111000000000000000
00000011111111111111111110000000000000000000000000000000000000000001111111111111111111110000000000111111111111111100000000000000
00000011111111111111111110000000000000000000000000000000000000000001111111111111111111110000000001111111111111111100000000000000
00000011111111111111111110000000000000000000000000000000000000000001111111111111111111110000000000111111111111111100000000000000
00000011111111111111111110000000000000000000000000000000000000000001111111111111111111110000000000111111111111111110000000000000
00000011111111111111111110000100000000000000000000000000000000000001111111111111111111110000000000111111111111111111000000000000
00000011111111111111111111111111100000000000000000000000000000000001111111111111111111111000000000111111111111111111000000000000
00000011111111111111111111111111111100000000000000000000000000000001111111111111111111111000000000111111111111111111000000000000
00000011111111111111111111111111111110000000000000000000000000000001111111111111111111111000000000111111111111111111000000000000
00000011111111111111111111111111111111100000000000000000000000000001111111111111111111111000000000111111111111111111000000000000
00000011111111111111111111111111111111100000000000000000000000000001111111111111111111111000000000111111111111111111000000000000
00000011111111111111111111111111111111110000000000000000000000000001111111111111111111111000000000111111111111111111000000000000
00000001111111111111111111111111111111111000000000000000000000000001111111111111111111111000000000111111111111111111000000000000
00000001111111111111111111111111111111111100000000000000000000000001111111111111111111111000000000111111111111111111100000000000
00000001111111111111111111111111111111111100000000000000000000000001111111111111111111111000000000111111111111111111100000000000
00000001111111111111111111111111111111111111000000000000000000000001111111111111111111111000000000111111111111111111100000000000
00000001111111111111111111111111111111111111100000000000000000000001111111111111111111111000000000111111111111111111100000000000
00000000111111111111111111111111111111111111110000000000000000000001111111111111111111111100000000111111111111111111100000000000
00000000111111111111111111111111111111111111110000000000000000000001111111111111111111111100000000011111111111111111100000000000
00000000111111111111111111111111111111111111111000000000000000000001111111111111111111111100000000011111111111111111100000000000
00000000111111111111111111111111111111111111111100000000000000000001111111111111111111111100000000011111111111111111100000000000
00000000111111111111111111111111111111111111111100000000000000000001111111111111111111111100000000011111111111111111100000000000
00000000111111111111111111111111111111111111111110000000000000000001111111111111111111111100000000011111111111111111100000000000
00000000011111111111111111100111111111111111111110000000000000000000111111111111111111111110000000011111111111111111100000000000
00000000011111111111111111100001111111111111111111000000000000000000111111111111111111111110000000011111111111111111100000000000
00000000011111111111111111100000111111111111111111000000000000000000111111111111111111111110000000011111111111111111100000000000
00000000011111111111111111100000011111111111111111100000000000000000111111111111111111111110000000011111111111111111100000000000
00000000011111111111111111110000000111111111111111100000000000000000111111111111111111111110000000011111111111111111100000000000
00000000001111111111111111110000000011111111111111110000000000000000111111111111111111111110000000011111111111111111100000000000
00000000001111111111111111110000000011111111111111110000000000000000111111111111111111111110000000011111111111111111100000000000
00000000001111111111111111111000000111111111111111110000000000000000111111111111111111111110000000011111111111111111100000000000
00000000001111111111111111111100000111111111111111111000000000000000111111111111111111111111000000011111111111111111100000000000
00000000001111111111111111111100000111111111111111111100000000000000111111111111111111111111000000011111111111111111100000000000
00000000001111111111111111111110000111111111111111111100000000000000011111111111111111111111000000011111111111111111100000000000
00000000000011111111111111111111001111111111111111111100000000000000011111111111111111111111000000011111111111111111100000000000
00000000000011111111111111111111111111111111111111111100000000000000011111111111111111111111000000111111111111111111100000000000
00000000000001111111111111111111111111111111111111111100000000000000011111111111111111111111100000111111111111111111100000000000
00000000000001111111111111111111111111111111111111111100000000000000011111111111111111111111100000111111111111111111100000000000
00000000000001111111111111111111111111111111111111111100000000000000001111111111111111111111100000111111111111111111100000000000
00000000000000111111111111111111111111111111111111111100000000000000001111111111111111111111100000111111111111111111100000000000
00000000000000111111111111111111111111111111111111111100000000000000001111111111111111111111100001111111111111111111100000000000
00000000000000111111111111111111111111111111111111111100000000000000001111111111111111111111110001111111111111111111100000000000
00000000000000011111111111111111111111111111111111111100000000000000001111111111111111111111110011111111111111111111100000000000
00000000000000011111111111111111111111111111111111111100000000000000000111111111111111111111110111111111111111111111000000000000
00000000000000011111111111111111111111111111111111111100000000000000000111111111111111111111111111111111111111111111000000000000
00000000000000001111111111111111111111111111111111111100000000000000000111111111111111111111111111111111111111111111000000000000
00000000000000001111111111111111111111111111111111111000000000000000000011111111111111111111111111111111111111111111000000000000
00000000000000000111111111111111111111111111111111111000000000000000000001111111111111111111111111111111111111111111000000000000
00000000000000000011111111111111111111111111111111111000000000000000000001111111111111111111111111111111111111111100000000000000
00000000000000000001111111111111111111111111111111110000000000000000000000011111111111111111111111111111111111111000000000000000
00000000000000000000011111111111111111111111111111110000000000000000000000011111111111111111111111111111111111110000000000000000
00000000000000000000001111111111111111111111111111100000000000000000000000001111111111111111111111111111111111110000000000000000
00000000000000000000001111111111111111111111111111100000000000000000000000000111111111111111111111111111111111110000000000000000
00000000000000000000000011111111111111111111111110000000000000000000000000000011111111111111111111111111111111000000000000000000
00000000000000000000000001111111111111111111111100000000000000000000000000000011111111111111111111111111111111000000000000000000
00000000000000000000000000011111111111111111110000000000000000000000000000000001111111111111111111111111111110000000000000000000
00000000000000000000000000000010000000001000000000000000000000000000000000000000111111111111111111111111111110000000000000000000
00000000000000000000000000000000000000000000000000000000000000000000000000000000011111111111111111111111111100000000000000000000
00000000000000000000000000000000000000000000000000000000000000000000000000000000001111111111111111111111110000000000000000000000
00000000000000000000000000000000000000000000000000000000000000000000000000000000000000111111111111110000000000000000000000000000
00000000000000000000000000000000000000000000000000000000000000000000000000000000000000000000000000000000000000000000000000000000
00000000000000000000000000000000000000000000000000000000000000000000000000000000000000000000000000000000000000000000000000000000
00000000000000000000000000000000000000000000000000000000000000000000000000000000000000000000000000000000000000000000000000000000
00000000000000000000000000000000000000000000000000000000000000000000000000000000000000000000000000000000000000000000000000000000
00000000000000000000000000000000000000000000000000000000000000000000000000000000000000000000000000000000000000000000000000000000
00000000000000000000000000000000000000000000000000000000000000000000000000000000000000000000000000000000000000000000000000000000
00000000000000000000000000000000000000000000000000000000000000000000000000000000000000000000000000000000000000000000000000000000
