00000000000000000000000000000000000000000000000000000000000000000000000000000000000000000000000000000000000000000000000000000000
00000000000000000000000000000000000000000000000000000000000000000000000000000000000000000000000000000000000000000000000000000000
00000000000000000000000000000000000000000000000000000000000000000000000000000000000000000000000000000000000000000000000000000000
00000000000000000000000000000000000000000000000000000000000000000000000000000000000000000000000000000000000000000000000000000000
00000000000000000000000000000000000000000000000000000000000000000000000000000000000000000000000000000000000000000000000000000000
00000000000000000000000000000000000000000000000000000000000000000000000000000000000000000000000000000000000001000000000000000000
00000000000000000000000000000000000000000000000000000000000000000000000000000000000000000000000000000000001111111000000000000000
00000000000000000000000000000000000000000000000000000000000000000000000000000000000000000000000000000000001111111000000000000000
00000000000000000000000000000000000000000000000000000000000000000000000000000000000000000000000000000000111111111110000000000000
00000000000000000000000000000000000000000000000000000000000000000000000000000000000000000000000000000001111111111110000000000000
00000000000000000000000000000000000000000000000000000000000000000000000000000000000000000000000000000001111111111111000000000000
00000000000000000000000000000000000000000000000000000000000000000000000000000000000000000000000000000001111111111111110000000000
00000000000000000000000000000000000000000000000000011111111111111000000000000000000000000000000000000001111111111111110000000000
00000000000000000000000000000000000000000000000000111111111111111110000000000000000000000000000000000011111111111111110000000000
00000000000000000000000000000000000000000000000001111111111111111111100000000000000000000000000000000011111111111111110000000000
00000000000000000000000000000000000000000000000011111111111111111111100000000000000000000000000000000011111111111111111000000000
00000000000000000000000000000000000000000000000011111111111111111111100000000000000000000000000000000111111111111111110000000000
00000000000000000000000000000000000000000000000011111111111111111111111111000000000000000000000000000111111111111111110000000000
00000000000000000000000000000000000000000000000111111111111111111111111111100000000000000000000000000111111111111110000000000000
00000000000000000000000000000000000000000000000111111111111111111111111111111000000000000000000000000111111111111110000000000000
00000000000000000000000000000000000000000000000111111111111111111111111111111100000000000000000000001111111111111110000000000000
00000000000000000000000000000000000000000000011111111111111111111111111111111110000000000000000000001111111111111110000000000000
00000000000000000000000000000000000000000000011111111111111111111111111111111111100000000000000000001111111111111100000000000000
00000000000000000000000000000000000000000000011111111111111111111111111111111111110000000000000000001111111111111100000000000000
00000000000000000000000000000000000000000000111111111111111111111111111111111111111000000000000000011111111111111000000000000000
00000000000000000000000000000000000000000001111111111111111111111111111111111111111100000000000000011111111111111000000000000000
00000000000000000000000000000000000000000001111111111111111111111111111111111111111110000000000000011111111111111000000000000000
00000000000000000000000000000000000000000011111111111111111111111111111111111111111111100000000000011111111111111000000000000000
00000000000000000000000000000000000000000011111111111111111111111111111111111111111111110000000000111111111111111000000000000000
00000000000000000000000000000000000000000011111111111111111111111111111111111111111111111000000000111111111111111000000000000000
00000000000000000000000000000000000000000111111111111111111111111111111111111111111111111100000000111111111111111000000000000000
00000000000000000000000000000000000000000111111111111111111111111111111111111111111111111110000001111111111111110000000000000000
00000000000000000000000000000000000000000111111111111111011111111111111111111111111111111111100011111111111111110000000000000000
00000000000000000000000000000000000000000111111111111111011111100111111111111111111111111111111111111111111111110000000000000000
00000000000000000000000000000000000000001111111111111111111111100001111111111111111111111111111111111111111111110000000000000000
00000000000000000000000000000000000000001111111111111111111111000000111111111111111111111111111111111111111111100000000000000000
00000000000000000000000000000000000000001111111111111111111111000000111111111111111111111111111111111111111111100000000000000000
00000000000000000000000000000000000000001111111111111111111111000000001111111111111111111111111111111111111111100000000000000000
00000000000000000000000000000000000000001111111111111111111110000000000011111111111111111111111111111111111111000000000000000000
00000000000000000000000000000000000000001111111111111111111110000000000001111111111111111111111111111111111111000000000000000000
00000000000000000000000000000000000000001111111111111111111110000000000000001111111111111111111111111111111111000000000000000000
00000000000000000000000000000000000000001111111111111111111110000000000000000001111111111111111111111111111110000000000000000000
00000000000000000000000000000000000000101111111111111111111110000000000000000000011111111111111111111111111110000000000000000000
00000000000000000000000000000000111111111111111111111111111000000000000000000000000111111111111111111111111100000000000000000000
00000000000000000000000000000011111111111111111111111111111000000000000000000000000001111111111111111111111100000000000000000000
00000000000000000001111111111111111111111111111111111111111000000000000000000000000000011111111111111111111000000000000000000000
00000000000000000111111111111111111111111111111111111111111100000000000000000000000000001111111111111111111000000000000000000000
00000000000000001111111111111111111111111111111111111111111111000000000000000000000000000011111111111111110000000000000000000000
00000000000000001111111111111111111111111111111111111111111111000000000000000000000000000000111111111111000000000000000000000000
00000000000000001111111111111111111111111111111111111111111111110000000000000000000000000000000000000000000000000000000000000000
00000000000000011111111111111111111111111111111111111111111111111000000000000000000000000000000000000000000000000000000000000000
00000000000000011111111111111111111111111111111111111111111111111100000000000000000000000000000000000000000000000000000000000000
00000000000000111111111111111111111111111111111111111111111111111110000000000000000000000000000000000000000000000000000000000000
00000000000000111111111111111111111111111111111111111111111111111111000000000000000000000000000000000000000000000000000000000000
00000000000001111111111111111111111111111111111111111111111111111111100000000000000000000000000000000000000000000000000000000000
00000000000001111111111111111111111111111111111111111111111111111111110000000000000000000000000000000000000000000000000000000000
00000000000001111111111111111111111111111111111111111111111111111111111100000000000000000000000000000000000000000000000000000000
00000000000011111111111111111111111111111111111111111111111111111111111100000000000000000000000000000000000000000000000000000000
00000000000111111111111111111111111111111111111111111111111111111111111100000000000000000000000000000000000000000000000000000000
00000000000111111111111111111111111111111111111111111111111111111111111110000000000000000000000000000000000000000000000000000000
00000000001111111111111111111111111111111111111111111111111111111111111111000000000000000000000000000000000000000000000000000000
00000000001111111111111111111111111111111111111111111111111111111111111111110000000000000000000000000000000000000000000000000000
00000000001111111111111111111111111111111111111111111111111111111111111111111100000000000000000000000000000000000000000000000000
00000000011111111111111111111111111111111111111111111111111111111111111111111100000000000000000000000000000000000000000000000000
00000000011111111111111111111111111111111111111111111111111111111111111111111110000000000000000000000000000000000000000000000000
00000000111111111111111111111111111111111111111111111111111111111111111111111111000000000000000000000000000000000000000000000000
00000000111111111111111111111111111111111111111111111111111111111111111111111111000000000000000000000000000000000000000000000000
00000000111111111111111111111111111111000000000001111111111111111111111111111111100000000000000000000000000000000000000000000000
00000001111111111111111111111111111100000000000000000111111111111111111111111111100000000000000000000000000000000000000000000000
00000001111111111111111111111111111000000000000000000011111111111111111111111111110000000000000000000000000000000000000000000000
00000011111111111111111111111111110000000000000000000000111111111111111111111111110000000000000000000000000000000000000000000000
00000011111111111111111111111111110000000000000000000000011111111111111111111111110000000000000000000000000000000000000000000000
00000011111111111111111111111111100000000000000000000000000111111111111111111111111000000000000000000000000000000000000000000000
00000001111111111111111111111111100000000000000000000000000011111111111111111111111100000000000000000000000000000000000000000000
00000001111111111111111111111111100000000000000000000000000001111111111111111111111100000000000000000000000000000000000000000000
00000001111111111111111111111111100000000000000000000000000000111111111111111111111110000000000000000000000000000000000000000000
00000001111111111111111111111111100000000000000000000000000000011111111111111111111110000000000000000000000000000000000000000000
00000001111111111111111111111111100000000000000000000000000000001111111111111111111110000000000000000000000000000000000000000000
00000001111111111111111111111111100000000000000000000000000000001111111111111111111111000000000000000000000000000000000000000000
00000001111111111111111111111111100000000000000000000000000000000111111111111111111111000000000000000000000000000000000000000000
00000001111111111111111111111111100000000000000000000000000000000111111111111111111111000000000000000000000000000000000000000000
00000001111111111111111111111111100000000000000000000000000000000011111111111111111111000000000000000000000000000000000000000000
00000001111111111111111111111111111111111000000000000000000000000001111111111111111111000000000000000000000000000000000000000000
00000001111111111111111111111111111111111111110000000000000000000001111111111111111111000000000000000000000000000000000000000000
00000001111111111111111111111111111111111111111100000000000000000001111111111111111111000000000000000000000000000000000000000000
00000001111111111111111111111111111111111111111111000000000000000000011111111111111111000000000000000000000000000000000000000000
00000001111111111111111111111111111111111111111111110000000000000000011111111111111111000000000000000000000000000000000000000000
00000001111111111111111111111111111111111111111111111000000000000000001111111111111111000000000000000000000000000000000000000000
00000001111111111111111111111111111111111111111111111110000000000000001111111111111111000000000000000000000000000000000000000000
00000001111111111111111111111111111111111111111111111111000000000000000111111111111111000000000000000000000000000000000000000000
00000001111111111111111111111111100111111111111111111111000000000000000011111111111110000000000000000000000000000000000000000000
00000001111111111111111111111111100011111111111111111111110000000000000011111111111100000000000000000000000000000000000000000000
00000001111111111111111111111111100000111111111111111111111100000000000011111111111100000000000000000000000000000000000000000000
00000001111111111111111111111111100000011111111111111111111111000000000011111111110000000000000000000000000000000000000000000000
00000000111111111111111111111111110000011111111111111111111111100000000000001111100000000000000000000000000000000000000000000000
00000000111111111111111111111111110000001111111111111111111111100000000000000000000000000000000000000000000000000000000000000000
00000000111111111111111111111111111000001111111111111111111111100000000000000000000000000000000000000000000000000000000000000000
00000000011111111111111111111111111000001111111111111111111111100000000000000000000000000000000000000000000000000000000000000000
00000000001111111111111111111111111000011111111111111111111111110000000000000000000000000000000000000000000000000000000000000000
00000000001111111111111111111111111100111111111111111111111111110000000000000000000000000000000000000000000000000000000000000000
00000000000111111111111111111111111111111111111111111111111111110000000000000000000000000000000000000000000000000000000000000000
00000000000111111111111111111111111111111111111111111111111111110000000000000000000000000000000000000000000000000000000000000000
00000000000011111111111111111111111111111111111111111111111111110000000000000000000000000000000000000000000000000000000000000000
00000000000011111111111111111111111111111111111111111111111111110000000000000000000000000000000000000000000000000000000000000000
00000000000001111111111111111111111111111111111111111111111111110000000000000000000000000000000000000000000000000000000000000000
00000000000000111111111111111111111111111111111111111111111111110000000000000000000000000000000000000000000000000000000000000000
00000000000000011111111111111111111111111111111111111111111111110000000000000000000000000000000000000000000000000000000000000000
00000000000000011111111111111111111111111111111111111111111111110000000000000000000000000000000000000000000000000000000000000000
00000000000000001111111111111111111111111111111111111111111111110000000000000000000000000000000000000000000000000000000000000000
00000000000000000011111111111111111111111111111111111111111111110000000000000000000000000000000000000000000000000000000000000000
00000000000000000001111111111111111111111111111111111111111111110000000000000000000000000000000000000000000000000000000000000000
00000000000000000000111111111111111111111111111111111111111111110000000000000000000000000000000000000000000000000000000000000000
00000000000000000000001111111111111111111111111111111111111100000000000000000000000000000000000000000000000000000000000000000000
00000000000000000000000111111111111111111111111111111111111000000000000000000000000000000000000000000000000000000000000000000000
00000000000000000000000001111111111111111111111111111111100000000000000000000000000000000000000000000000000000000000000000000000
00000000000000000000000000111111111111111111111111111110000000000000000000000000000000000000000000000000000000000000000000000000
00000000000000000000000000001111111111111111111111111110000000000000000000000000000000000000000000000000000000000000000000000000
00000000000000000000000000001111111111111111111111111100000000000000000000000000000000000000000000000000000000000000000000000000
00000000000000000000000000000011111111111111111111110000000000000000000000000000000000000000000000000000000000000000000000000000
00000000000000000000000000000000111111111111111111100000000000000000000000000000000000000000000000000000000000000000000000000000
00000000000000000000000000000000000111111111111000000000000000000000000000000000000000000000000000000000000000000000000000000000
00000000000000000000000000000000000000000000000000000000000000000000000000000000000000000000000000000000000000000000000000000000
00000000000000000000000000000000000000000000000000000000000000000000000000000000000000000000000000000000000000000000000000000000
00000000000000000000000000000000000000000000000000000000000000000000000000000000000000000000000000000000000000000000000000000000
00000000000000000000000000000000000000000000000000000000000000000000000000000000000000000000000000000000000000000000000000000000
00000000000000000000000000000000000000000000000000000000000000000000000000000000000000000000000000000000000000000000000000000000
00000000000000000000000000000000000000000000000000000000000000000000000000000000000000000000000000000000000000000000000000000000
00000000000000000000000000000000000000000000000000000000000000000000000000000000000000000000000000000000000000000000000000000000
