00000000000000000000000000000000000000000000000000000000000000000000000000000000000000000000000000000000000000000000000000000000
00000000000000000000000000000000000000000000000000000000000000000000000000000000000000000000000000000000000000000000000000000000
00000000000000000000000000000000000000000000000000000000000000000000000000000000000000000000000000000000000000000000000000000000
00000000000000000000000000000000000000000000000000000000000000000000000000000000000000000000000000000000000000000000000000000000
00000000000000000000000000000000000000000000000000000000000000000000000000000000000000000000000000000000000000000000000000000000
00000000000000000000000000000000000000000000000000000000000000000000000000000000000000000000000000000000000000000000000000000000
00000000000000000000000000000000000000000000000000000000000000000000000000000000000000000000000000000000000000000000000000000000
00000000000000000000000000000000000000000000000000000000000000000000000000000000000000000000000000000000000000000001111100000000
00000000000000000000000000000000000000000000000000000000000000000000000000000000000000000000000000000000000000111111111100000000
00000000000000000000000000000000000000000000000000000000000000000000000000000000000000000000000000000000000001111111111100000000
00000000000000000000000000000000000000000000000000000000000000000000000000000000000000000000000000000000000011111111111100000000
00000000000000000000000000000000000000000000000000000000000000000000000000000000000000000000000000000000000111111111111110000000
00000000000000000000000000000000000000000000000000000000000000000000000000000000000000000000000000000000000111111111111110000000
00000000000000000000000000000000000000000000000000000000000000000000000000000000000000000000000000000000001111111111111100000000
00000000000000000000000000000000000000000000000000000000000000000000000000000000000000000000000000000000001111111111111100000000
00000000000000000000000000000000000000000000000011111111111111000000000000000000000000000000000000000000001111111111111110000000
00000000000000000000000000000000000000000000011111111111111111111000000000000000000000000000000000000000001111111111111100000000
00000000000000000000000000000000000000000001111111111111111111111111100000000000000000000000000000000000011111111111111100000000
00000000000000000000000000000000000000000111111111111111111111111111111100000000000000000000000000000000011111111111111100000000
00000000000000000000000000000000000000000111111111111111111111111111111111100000000000000000000000000000011111111111111100000000
00000000000000000000000000000000000000001111111111111111111111111111111111111111000000000000000000000000111111111111111100000000
00000000000000000000000000000000000000001111111111111111111111111111111111111111110000000000000000000000111111111111111100000000
00000000000000000000000000000000000000011111111111111111111111111111111111111111111110000000000000000001111111111111111000000000
00000000000000000000000000000000000000111111111111111111111111111111111111111111111111111111000000000111111111111111110000000000
00000000000000000000000000000000000000111111111111111111111111111111111111111111111111111111111111111111111111111111100000000000
00000000000000000000000000000000000000111111111111111111111111111111111111111111111111111111111111111111111111111111100000000000
00000000000000000000000000000000000001111111111111111111111111111111111111111111111111111111111111111111111111111111000000000000
00000000000000000000000000000000000000111111111111111111111111111111111111111111111111111111111111111111111111111111000000000000
00000000000000000000000000000000000000111111111111111111111111111111111111111111111111111111111111111111111111111100000000000000
00000000000000000000000000000000000000111111111111110000011111111111111111111111111111111111111111111111111111111000000000000000
00000000000000000000000000000000000011111111111111110000000000011111111111111111111111111111111111111111111111111000000000000000
00000000000000000000000000000000001111111111111111100000000000000000111111111111111111111111111111111111111111000000000000000000
00000000000000000000000000000000011111111111111111100000000000000000000000111111111111111111111111111111111111000000000000000000
00000000000000000000000000000000011111111111111111111000000000000000000000000011111111111111111111111111111110000000000000000000
00000000000000000000000000000000111111111111111111111111000000000000000000000000000011111111111111111111111000000000000000000000
00000000000000000000000000000000111111111111111111111111111000000000000000000000000000010000000001000000000000000000000000000000
00000000000000000000000000000001111111111111111111111111111111100000000000000000000000000000000000000000000000000000000000000000
00000000000000000000000000000011111111111111111111111111111111111000000000000000000000000000000000000000000000000000000000000000
00000000000000000000000000000011111111111111111111111111111111111110000000000000000000000000000000000000000000000000000000000000
00000000000000000000000000000111111111111111111111111111111111111111100000000000000000000000000000000000000000000000000000000000
00000000000000000000000000001111111111111111111111111111111111111111111000000000000000000000000000000000000000000000000000000000
00000000000000000000000000001111111111111111111111111111111111111111111110000000000000000000000000000000000000000000000000000000
00000000000000000000000000001111111111111111111111111111111111111111111111100000000000000000000000000000000000000000000000000000
00000000000000000000000000011111111111111111111111111111111111111111111111111111000000000000000000000000000000000000000000000000
00000000000000000000000000011111111111111111111111111111111111111111111111111111110000000000000000000000000000000000000000000000
00000000000000000000000000011111111111111111111111111111111111111111111111111111111000000000000000000000000000000000000000000000
00000000000000000000000000111111111111111111111111111000111111111111111111111111111110000000000000000000000000000000000000000000
00000000000000000000000001111111111111111111111111110000001111111111111111111111111111111110000000000000000000000000000000000000
00000000000000000000000011111111111111111111111111100000000011111111111111111111111111111111111110000000000000000000000000000000
00000000000000000000000111111111111111111111111111000000000000111111111111111111111111111111111110000000000000000000000000000000
00000000000000000000000111111111111111111111111111000000000000001111111111111111111111111111111110000000000000000000000000000000
00000000000000000000001111111111111111111111111110000000000000000011111111111111111111111111111110000000000000000000000000000000
00000000000000000000001111111111111111111111111100000000000000000001111111111111111111111111111110000000000000000000000000000000
00000000000000000000001111111111111111111111111100000000000000000000011111111111111111111111111110000000000000000000000000000000
00000000000000000000011111111111111111111111111000000000000000000000000111111111111111111111111110000000000000000000000000000000
00000000000000000000011111111111111111111111111000000000000000000000000011111111111111111111111110000000000000000000000000000000
00000000000000000000011111111111111111111111110000000000000000000000000000011111111111111111111110000000000000000000000000000000
00000000000000000000111111111111111111111111110000000000000000000000000000000111111111111111111110000000000000000000000000000000
00000000000000000000111111111111111111111111100000000000000000000000000000000011111111111111111110000000000000000000000000000000
00000000000000000000011111111111111111111111100000000000000000000000000000000000011111111111111100000000000000000000000000000000
00000000000000000000011111111111111111111111000000000000000000000000000000000000000001111111111100000000000000000000000000000000
00000000000000000000011111111111111111111111000000000000000000000000000000000000000000001000000000000000000000000000000000000000
00000000000000000000011111111111111111111110000000000000000000000000000000000000000000000000000000000000000000000000000000000000
00000000000000000000011111111111111111111110000000000000000000000000000000000000000000000000000000000000000000000000000000000000
00000000000000000000011111111111111111111100000000000000000000000000000000000000000000000000000000000000000000000000000000000000
00000000000000000000011111111111111111111100000000000000000000000000000000000000000000000000000000000000000000000000000000000000
00000000000000000000011111111111111111111100000000000000000000000000000000000000000000000000000000000000000000000000000000000000
00000000000000000000011111111111111111111100000000000000000000000000000000000000000000000000000000000000000000000000000000000000
00000000000000000000011111111111111111111100000000000000000000000000000000000000000000000000000000000000000000000000000000000000
00000000000000000000011111111111111111111100000000000000000000000000000000000000000000000000000000000000000000000000000000000000
00000000000000000000011111111111111111111100000000000000000000000000000000000000000000000000000000000000000000000000000000000000
00000000000000000000111111111111111111111100000000000000000000000000000000000000000000000000000000000000000000000000000000000000
00000000000000000000011111111111111111111100000000000000000000000000000000000000000000000000000000000000000000000000000000000000
00000000000000000000011111111111111111111100000000000000000000000000000000000000000000000000000000000000000000000000000000000000
00000000000000000000011111111111111111111100000000000000000001111111111111000000000000000000000000000000000000000000000000000000
00000000000000000000011111111111111111111100000000000000000111111111111111100000000000000000000000000000000000000000000000000000
00000000000000000000011111111111111111111100000000000000000111111111111111111000000000000000000000000000000000000000000000000000
00000000000000000000011111111111111111111100000000000000000111111111111111111100000000000000000000000000000000000000000000000000
00000000000000000000111111111111111111111100000000000000011111111111111111111100000000000000000000000000000000000000000000000000
00000000000000000000011111111111111111111100000000000000011111111111111111111110000000000000000000000000000000000000000000000000
00000000000000000000011111111111111111111100000000000000011111111111111111111110000000000000000000000000000000000000000000000000
00000000000000000000011111111111111111111110000000000000011111111111111111111111000000000000000000000000000000000000000000000000
00000000000000000000011111111111111111111110000000000000011111111111111111111111100000000000000000000000000000000000000000000000
00000000000000000000111111111111111111111110000000000000011111111111111111111111111100000000000000000000000000000000000000000000
00000000000000000000111111111111111111111111000000000000011111111111111111111111111100000000000000000000000000000000000000000000
00000000000000000000011111111111111111111111000000000000011111111111111111111111111100000000000000000000000000000000000000000000
00000000000000000000011111111111111111111111100000000000011111111111111111111111111100000000000000000000000000000000000000000000
00000000000000000000011111111111111111111111100000000000011111111111111111111111111110000000000000000000000000000000000000000000
00000000000000000000011111111111111111111111110000000000001111111111111111111111111110000000000000000000000000000000000000000000
00000000000000000000011111111111111111111111111000000000001111111111111111111111111110000000000000000000000000000000000000000000
00000000000000000000001111111111111111111111111100000000001111111111111111111111111110000000000000000000000000000000000000000000
00000000000000000000001111111111111111111111111100000000000001111111111111111111111111000000000000000000000000000000000000000000
00000000000000000000001111111111111111111111111110000000000001111111111111111111111111000000000000000000000000000000000000000000
00000000000000000000000111111111111111111111111111000000000001111111111111111111111111000000000000000000000000000000000000000000
00000000000000000000000111111111111111111111111111110000000000011111111111111111111111000000000000000000000000000000000000000000
00000000000000000000000111111111111111111111111111111000000000000000000111111111111111100000000000000000000000000000000000000000
00000000000000000000000111111111111111111111111111111100000000000000000111111111111111100000000000000000000000000000000000000000
00000000000000000000000011111111111111111111111111111110000000000000001111111111111111100000000000000000000000000000000000000000
00000000000000000000000011111111111111111111111111111111000000000000001111111111111111100000000000000000000000000000000000000000
00000000000000000000000011111111111111111111111111111111100000000000011111111111111111100000000000000000000000000000000000000000
00000000000000000000000001111111111111111111111111111111111000000000111111111111111111100000000000000000000000000000000000000000
00000000000000000000000001111111111111111111111111111111111110000000111111111111111111100000000000000000000000000000000000000000
00000000000000000000000001111111111111111111111111111111111111111001111111111111111111100000000000000000000000000000000000000000
00000000000000000000000000111111111111111111111111111111111111111111111111111111111111100000000000000000000000000000000000000000
00000000000000000000000000011111111111111111111111111111111111111111111111111111111111100000000000000000000000000000000000000000
00000000000000000000000000011111111111111111111111111111111111111111111111111111111111100000000000000000000000000000000000000000
00000000000000000000000000000111111111111111111111111111111111111111111111111111111111100000000000000000000000000000000000000000
00000000000000000000000000000111111111111111111111111111111111111111111111111111111111100000000000000000000000000000000000000000
00000000000000000000000000000111111111111111111111111111111111111111111111111111111111100000000000000000000000000000000000000000
00000000000000000000000000000011111111111111111111111111111111111111111111111111111111000000000000000000000000000000000000000000
00000000000000000000000000000001111111111111111111111111111111111111111111111111111111000000000000000000000000000000000000000000
00000000000000000000000000000000111111111111111111111111111111111111111111111111111110000000000000000000000000000000000000000000
00000000000000000000000000000000011111111111111111111111111111111111111111111111111100000000000000000000000000000000000000000000
00000000000000000000000000000000001111111111111111111111111111111111111111111111110000000000000000000000000000000000000000000000
00000000000000000000000000000000000111111111111111111111111111111111111111111111100000000000000000000000000000000000000000000000
00000000000000000000000000000000000001111111111111111111111111111111111111111111000000000000000000000000000000000000000000000000
00000000000000000000000000000000000000111111111111111111111111111111111111111111000000000000000000000000000000000000000000000000
00000000000000000000000000000000000000001111111111111111111111111111111111111110000000000000000000000000000000000000000000000000
00000000000000000000000000000000000000000011111111111111111111111111111111111100000000000000000000000000000000000000000000000000
00000000000000000000000000000000000000000000011111111111111111111111111111111100000000000000000000000000000000000000000000000000
00000000000000000000000000000000000000000000000000011111111111111111111111111000000000000000000000000000000000000000000000000000
00000000000000000000000000000000000000000000000000000111111111111111111111100000000000000000000000000000000000000000000000000000
00000000000000000000000000000000000000000000000000000000011111111111111110000000000000000000000000000000000000000000000000000000
00000000000000000000000000000000000000000000000000000000000010000000000000000000000000000000000000000000000000000000000000000000
00000000000000000000000000000000000000000000000000000000000000000000000000000000000000000000000000000000000000000000000000000000
00000000000000000000000000000000000000000000000000000000000000000000000000000000000000000000000000000000000000000000000000000000
00000000000000000000000000000000000000000000000000000000000000000000000000000000000000000000000000000000000000000000000000000000
00000000000000000000000000000000000000000000000000000000000000000000000000000000000000000000000000000000000000000000000000000000
