00000000000000000000000000000000000000000000000000000000000000000000000000000000000000000000000000000000000000000000000000000000
00000000000000000000000000000000000000000000000000000000000000000000000000000000000000000000000000000000000000000000000000000000
00000000000000000000000000000000000000000000000000000000000000000000000000000000000000000000000000000000000000000000000000000000
00000000000000000000000000000000000000000000000000000000000000000000000000000000000000000000000000000000000000000000000000000000
00000000000000000000000000000000000000000000000000000000000000000000000000000000000000000000000000000000000000000000000000000000
00000000000000000000000000000000000000000000000000000000000000000000000000000000000000000000000000000000000000000000001111111000
00000000000000000000000000000000000000000000000000000000000000000000000000000000000000000000000000000000000000000000111111111000
00000000000000000000000000000000000000000000000000000000000000000000000000000000000000000000000000000000000000000000111111111000
00000000000000000000000000000000000000000000000000000000000000000000000000000000000000000000000000000000000000000011111111111000
00000000000000000000000000000000000000000000000000000000000000000000000000000000000000000000000000000000000000000111111111111000
00000000000000000000000000000000000000000000000000000000000000000000000000000000000000000000000000000000000000011111111111111000
00000000000000000000000000000000000000000000000000000000000000000000000000000000000000000000000000000000000000111111111111111000
00000000000000000000000000000000000000000000000100001100000000000000000000000000000000000000000000000000000001111111111111111000
00000000000000000000000000000000000000000000111111111111100000000000000000000000000000000000000000000000000001111111111111111000
00000000000000000000000000000000000000000000111111111111111000000000000000000000000000000000000000000000000011111111111111111000
00000000000000000000000000000000000000000001111111111111111110000000000000000000000000000000000000000000000111111111111111111000
00000000000000000000000000000000000000000001111111111111111111110000000000000000000000000000000000000000001111111111110000000000
00000000000000000000000000000000000000000011111111111111111111111000000000000000000000000000000000000000011111111111100000000000
00000000000000000000000000000000000000000111111111111111111111111111000000000000000000000000000000000000011111111111000000000000
00000000000000000000000000000000000000000111111111111111111111111111100000000000000000000000000000000000111111111111000000000000
00000000000000000000000000000000000000001111111111111111111111111111111000000000000000000000000000000000111111111110000000000000
00000000000000000000000000000000000000001111111111111111111111111111111110000000000000000000000000000001111111111110000000000000
00000000000000000000000000000000000000011111111111111111111111111111111111110000000000000000000000000011111111111110000000000000
00000000000000000000000000000000000000011111111111111111111111111111111111111000000000000000000000000011111111111100000000000000
00000000000000000000000000000000000000011111111111111111111111111111111111111111000000000000000000001111111111111000000000000000
00000000000000000000000000000000000000111111111111111111111111111111111111111111111000000000000000011111111111111000000000000000
00000000000000000000000000000000000000111111111111111111111111111111111111111111111110000000000011111111111111111000000000000000
00000000000000000000000000000000000000111111111100111111111111111111111111111111111111111111111111111111111111111000000000000000
00000000000000000000000000000000000000111111111100001111111111111111111111111111111111111111111111111111111111111000000000000000
00000000000000000000000000000000000000111111111100000000011111111111111111111111111111111111111111111111111111111000000000000000
00000000000000000000000000000000000000111111111100000000000011111111111111111111111111111111111111111111111111111000000000000000
00000000000000000000000000000000000000111111111100000000000000011111111111111111111111111111111111111111111111110000000000000000
00000000000000000000000000000000000000111111111100000000000000000011111111111111111111111111111111111111111111110000000000000000
00000000000000000000000000000000000000111111111100000000000000000000011111111111111111111111111111111111111111110000000000000000
00000000000000000000000000000000000000111111111100000000000000000000001111111111111111111111111111111111111111100000000000000000
00000000000000000000000000000000000000111111111100000000000000000000000001111111111111111111111111111111111111100000000000000000
00000000000000000000000000000000000000111111111100000000000000000000000000000111111111111111111111111111111110000000000000000000
00000000000000000000000000000000000000111111111110000000000000000000000000000000111111111111111111111111111000000000000000000000
00000000000000000000000000000000000000111111111110000000000000000000000000000000000111111111111111111111110000000000000000000000
00000000000000000000000000000000000000011111111111000000000000000000000000000000000000111111111111111111100000000000000000000000
00000000000000000000000000000000000000011111111111000000000000000000000000000000000000001000000000010000000000000000000000000000
00000000000000000000000000000000000000001111111111000000000000000000000000000000000000000000000000000000000000000000000000000000
00000000000000000000000000000000111000011111111111000000000000000000000000000000000000000000000000000000000000000000000000000000
00000000000000000000000000111111111111111111111111100000000000000000000000000000000000000000000000000000000000000000000000000000
00000000000000000000000011111111111111111111111111110000000000000000000000000000000000000000000000000000000000000000000000000000
00000000000000000000000111111111111111111111111111111111000000000000000000000000000000000000000000000000000000000000000000000000
00000000000000000000001111111111111111111111111111111111111100000000000000000000000000000000000000000000000000000000000000000000
00000000000000000000001111111111111111111111111111111111111111110000000000000000000000000000000000000000000000000000000000000000
00000000000000000000111111111111111111111111111111111111111111111100000000000000000000000000000000000000000000000000000000000000
00000000000000000000111111111111111111111111111111111111111111111111100000000000000000000000000000000000000000000000000000000000
00000000000000000011111111111111111111111111111111111111111111111111111000000000000000000000000000000000000000000000000000000000
00000000000000000011111111111111111111111111111111111111111111111111111110000000000000000000000000000000000000000000000000000000
00000000000000000111111111111111111111111111111111111111111111111111111111111000000000000000000000000000000000000000000000000000
00000000000000001111111111111111111111111111111111111111111111111111111111111000000000000000000000000000000000000000000000000000
00000000000000011111111111111111111111111111111111111111111111111111111111111111000000000000000000000000000000000000000000000000
00000000000000111111111111111111111111111111111111111111111111111111111111111111110000000000000000000000000000000000000000000000
00000000000001111111111111111111111111111111111111111111111111111111111111111111111000000000000000000000000000000000000000000000
00000000000111111111111111111111111000000111111111111111111111111111111111111111111110000000000000000000000000000000000000000000
00000000000111111111111111111111100000000111111111111111111111111111111111111111111111110000000000000000000000000000000000000000
00000000011111111111111111111111000000000001111111111111111111111111111111111111111111111110100000000000000000000000000000000000
00000000011111111111111111111111000000000000011111111111111111111111111111111111111111111111111111000000000000000000000000000000
00000000111111111111111111111111000000000000000111111111111111111111111111111111111111111111111111000000000000000000000000000000
00000000111111111111111111111111000000000000000011111111111111111111111111111111111111111111111111000000000000000000000000000000
00000000111111111111111111111111000000000000000000011111111111111111111111111111111111111111111111000000000000000000000000000000
00000001111111111111111111111111000000000000000000000011111111111111111111111111111111111111111111000000000000000000000000000000
00000001111111111111111111111111000000000000000000000000111111111111111111111111111111111111111111000000000000000000000000000000
00000001111111111111111111111111000000000000000000000000001111111111111111111111111111111111111111000000000000000000000000000000
00000001111111111111111111111111000000000000000000000000000011111111111111111111111111111111111111000000000000000000000000000000
00000001111111111111111111111111000000000000000000000000000000011111111111111111111111111111111111000000000000000000000000000000
00000001111111111111111111111111000000000000000000000000000000000111111111111111111111111111111110000000000000000000000000000000
00000001111111111111111111111111000000000000000000000000000000000000011111111111111111111111111110000000000000000000000000000000
00000001111111111111111111111111000000000000000000000000000000000000001111111111111111111111111100000000000000000000000000000000
00000001111111111111111111111111100000000000000000000000000000000000000001111111111111111111111100000000000000000000000000000000
00000001111111111111111111111111100000000000000000000000000000000000000001111111111111111111111000000000000000000000000000000000
00000001111111111111111111111111100000000000000000000000000000000000000000001111111111111111110000000000000000000000000000000000
00000001111111111111111111111111100000000000000000000000000000000000000000000001100000000010000000000000000000000000000000000000
00000001111111111111111111111111110000000000000000000000000000000000000000000000000000000000000000000000000000000000000000000000
00000001111111111111111111111111110000000000000000000000010000001001000000000000000000000000000000000000000000000000000000000000
00000001111111111111111111111111111000000000000000000011111111111111100000000000000000000000000000000000000000000000000000000000
00000001111111111111111111111111111000000000000000000011111111111111111100000000000000000000000000000000000000000000000000000000
00000001111111111111111111111111111100000000000000000011111111111111111110000000000000000000000000000000000000000000000000000000
00000001111111111111111111111111111100000000000000000111111111111111111111000000000000000000000000000000000000000000000000000000
00000000111111111111111111111111111100000000000000000011111111111111111111110000000000000000000000000000000000000000000000000000
00000000111111111111111111111111111100000000000000000011111111111111111111111000000000000000000000000000000000000000000000000000
00000000111111111111111111111111111100000000000000000011111111111111111111111110000000000000000000000000000000000000000000000000
00000000111111111111111111111111111110000000000000000011111111111111111111111111000000000000000000000000000000000000000000000000
00000000111111111111111111111111111110000000000000000011111111111111111111111111100000000000000000000000000000000000000000000000
00000000011111111111111111111111111111000000000000000011111111111111111111111111110000000000000000000000000000000000000000000000
00000000011111111111111111111111111111000000000000000001111111111111111111111111111000000000000000000000000000000000000000000000
00000000011111111111111111111111111111000000000000000001111111111111111111111111111000000000000000000000000000000000000000000000
00000000011111111111111111111111111111110000000000000001111111111100111111111111111100000000000000000000000000000000000000000000
00000000011111111111111111111111111111110000000000000000111111111100111111111111111100000000000000000000000000000000000000000000
00000000001111111111111111111111111111110000000000000000111111111110011111111111111100000000000000000000000000000000000000000000
00000000001111111111111111111111111111111000000000000000111111111100011111111111111110000000000000000000000000000000000000000000
00000000001111111111111111111111111111111100000000000000011111111100011111111111111111100000000000000000000000000000000000000000
00000000000111111111111111111111111111111100000000000000000111111100011111111111111111100000000000000000000000000000000000000000
00000000000011111111111111111111111111111110000000000000000000000000011111111111111111100000000000000000000000000000000000000000
00000000000011111111111111111111111111111111000000000000000000000000011111111111111111110000000000000000000000000000000000000000
00000000000001111111111111111111111111111111100000000000000000000000011111111111111111110000000000000000000000000000000000000000
00000000000000111111111111111111111111111111110000000000000000000000111111111111111111110000000000000000000000000000000000000000
00000000000000011111111111111111111111111111111000000000000000000000111111111111111111110000000000000000000000000000000000000000
00000000000000001111111111111111111111111111111100000000000000000000111111111111111111111000000000000000000000000000000000000000
00000000000000001111111111111111111111111111111110000000000000000001111111111111111111111000000000000000000000000000000000000000
00000000000000000111111111111111111111111111111111100000000000000001111111111111111111110000000000000000000000000000000000000000
00000000000000000111111111111111111111111111111111110000000000000001111111111111111111110000000000000000000000000000000000000000
00000000000000000011111111111111111111111111111111111100000000000011111111111111111111110000000000000000000000000000000000000000
00000000000000000001111111111111111111111111111111111111100000000011111111111111111111110000000000000000000000000000000000000000
00000000000000000000011111111111111111111111111111111111111100001111111111111111111111110000000000000000000000000000000000000000
00000000000000000000001111111111111111111111111111111111111111111111111111111111111111110000000000000000000000000000000000000000
00000000000000000000000111111111111111111111111111111111111111111111111111111111111111100000000000000000000000000000000000000000
00000000000000000000000011111111111111111111111111111111111111111111111111111111111111100000000000000000000000000000000000000000
00000000000000000000000011111111111111111111111111111111111111111111111111111111111111100000000000000000000000000000000000000000
00000000000000000000000000111111111111111111111111111111111111111111111111111111111111100000000000000000000000000000000000000000
00000000000000000000000000001111111111111111111111111111111111111111111111111111111111000000000000000000000000000000000000000000
00000000000000000000000000000011111111111111111111111111111111111111111111111111111111000000000000000000000000000000000000000000
00000000000000000000000000000000011111111111111111111111111111111111111111111111111110000000000000000000000000000000000000000000
00000000000000000000000000000000000111111111111111111111111111111111111111111111111100000000000000000000000000000000000000000000
00000000000000000000000000000000000000011111111111111111111111111111111111111111111000000000000000000000000000000000000000000000
00000000000000000000000000000000000000011111111111111111111111111111111111111111000000000000000000000000000000000000000000000000
00000000000000000000000000000000000000001111111111111111111111111111111111111110000000000000000000000000000000000000000000000000
00000000000000000000000000000000000000000001111111111111111111111111111111111100000000000000000000000000000000000000000000000000
00000000000000000000000000000000000000000000011111111111111111111111111111111000000000000000000000000000000000000000000000000000
00000000000000000000000000000000000000000000000001111111111111111111111111100000000000000000000000000000000000000000000000000000
00000000000000000000000000000000000000000000000000111111111111111111111100000000000000000000000000000000000000000000000000000000
00000000000000000000000000000000000000000000000000001111111111111110000000000000000000000000000000000000000000000000000000000000
00000000000000000000000000000000000000000000000000000001111111111100000000000000000000000000000000000000000000000000000000000000
00000000000000000000000000000000000000000000000000000000000100100000000000000000000000000000000000000000000000000000000000000000
00000000000000000000000000000000000000000000000000000000000000000000000000000000000000000000000000000000000000000000000000000000
