00000000000000000000000000000000000000000000000000000000000000000000000000000000000000000000000000000000000000000000000000000000
00000000000000000000000000000000000000000000000000000000000000000000000000000000000000000000000000000000000000000000000000000000
00000000000000000000000000000000000000000000000000000000000000000000000000000000000000000000000000000000000000000000000000000000
00000000000000000000000000000000000000000000000000000000000000000000000000000000000000000000000000000000000000000000000000000000
00000000000000000000000000000000000000000000000000000000000000000000000000000000000000000000000000000000001111111000000000000000
00000000000000000000000000000000000000000000000000000000000000000000000000000000000000000000000000000000011111111110000000000000
00000000000000000000000000000000000000000000000000001000000110000000000000000000000000000000000000000000111111111111000000000000
00000000000000000000000000000000000000000000000011111111111111111000000000000000000000000000000000000001111111111111110000000000
00000000000000000000000000000000000000000000111111111111111111111100000000000000000000000000000000000001111111111111111100000000
00000000000000000000000000000000000000000001111111111111111111111111000000000000000000000000000000000111111111111111111100000000
00000000000000000000000000000000000000000111111111111111111111111111100000000000000000000000000000001111111111111111111100000000
00000000000000000000000000000000000000001111111111111111111111111111111100000000000000000000000000011111111111111111111110000000
00000000000000000000000000000000000000001111111111111111111111111111111110000000000000000000000000011111111111111111111110000000
00000000000000000000000000000000000000001111111111111111111111111111111111000000000000000000000001111111111111111111111110000000
00000000000000000000000000000000000000011111111111111111111111111111111111111000000000000000000011111111111111111111111110000000
00000000000000000000000000000000000000011111111111111111111111111111111111111100000000000000000111111111111111111111111110000000
00000000000000000000000000000000000000011111111111111111111111111111111111111111111000000000001111111111111111111111111110000000
00000000000000000000000000000000000000111111111111111111111111111111111111111111111000000000001111111111111111111111100000000000
00000000000000000000000000000000000000011111111111111111111111111111111111111111111110000000011111111111111111111111000000000000
00000000000000000000000000000000000000011111111111001111111111111111111111111111111111100000111111111111111111111111000000000000
00000000000000000000000000000000000000011111111111000011111111111111111111111111111111111111111111111111111111111110000000000000
00000000000000000000000000000000000000011111111111000001111111111111111111111111111111111111111111111111111111111100000000000000
00000000000000000000000000000000000000011111111111000001111111111111111111111111111111111111111111111111111111111000000000000000
00000000000000000000000000000000000000011111111111000000111111111111111111111111111111111111111111111111111111110000000000000000
00000000000000000000000000000000000000011111111111000000011111111111111111111111111111111111111111111111111111100000000000000000
00000000000000000000000000000000000000111111111111000000000011111111111111111111111111111111111111111111111111000000000000000000
00000000000000000000000000000000000001111111111111000000000000111111111111111111111111111111111111111111111111000000000000000000
00000000000000000000000000000000000001111111111111100000000000001111111111111111111111111111111111111111111110000000000000000000
00000000000000000000000000000000000111111111111111111000000000000111111111111111111111111111111111111111111100000000000000000000
00000000000000000000000000000000001111111111111111111110000000000001111111111111111111111111111111111111111000000000000000000000
00000000000000000000000000000000011111111111111111111111100000000000111111111111111111111111111111111111110000000000000000000000
00000000000000000000000000000000111111111111111111111111111000000000001111111111111111111111111111111111110000000000000000000000
00000000000000000000000000000000111111111111111111111111111110000000000011111111111111111111111111111111000000000000000000000000
00000000000000000000000000000001111111111111111111111111111111100000000001111111111111111111111111111111000000000000000000000000
00000000000000000000000000000011111111111111111111111111111111110000000000011111111111111111111111111111000000000000000000000000
00000000000000000000000000001111111111111111111111111111111111111100000000001111111111111111111111111110000000000000000000000000
00000000000000000000000000011111111111111111111111111111111111111110000000000011111111111111111111111100000000000000000000000000
00000000000000000000000001111111111111111111111111111111111111111111100000000000111111111111110001000000000000000000000000000000
00000000000000000000000011111111111111111111111111111111111111111111110000000000000100100000000000000000000000000000000000000000
00000000000000000000000011111111111111111111111111111111111111111111111100000000000000000000000000000000000000000000000000000000
00000000000000000000000111111111111111111111111111111111111111111111111111000000000000000000000000000000000000000000000000000000
00000000000000000000000111111111111111111111111111111111111111111111111111110000000000000000000000000000000000000000000000000000
00000000000000000000000111111111111111111111111111111111111111111111111111111110000000000000000000000000000000000000000000000000
00000000000000000000000111111111111111111111111111111111111111111111111111111111000000000000000000000000000000000000000000000000
00000000000000000000000111111111111111111111111111111111111111111111111111111111100000000000000000000000000000000000000000000000
00000000000000000000001111111111111111111111111111111111111111111111111111111111111100000000000000000000000000000000000000000000
00000000000000000000001111111111111111111111111111111111111111111111111111111111111111000000000000000000000000000000000000000000
00000000000000000000111111111111111111111111111111111111111111111111111111111111111111100000000000000000000000000000000000000000
00000000000000000000111111111111111111111111111000011111111111111111111111111111111111110000000000000000000000000000000000000000
00000000000000000000111111111111111111111111111000001111111111111111111111111111111111110000000000000000000000000000000000000000
00000000000000000001111111111111111111111111100000000001111111111111111111111111111111110000000000000000000000000000000000000000
00000000000000000001111111111111111111111111100000000000001111111111111111111111111111111000000000000000000000000000000000000000
00000000000000000011111111111111111111111111100000000000000011111111111111111111111111110000000000000000000000000000000000000000
00000000000000000011111111111111111111111111000000000000000000111111111111111111111111110000000000000000000000000000000000000000
00000000000000000011111111111111111111111110000000000000000000111111111111111111111111110000000000000000000000000000000000000000
00000000000000000011111111111111111111111110000000000000000000000111111111111111111111110000000000000000000000000000000000000000
00000000000000000011111111111111111111111110000000000000000000000000011111111111111111110000000000000000000000000000000000000000
00000000000000000111111111111111111111111100000000000000000000000000000011111111111111110000000000000000000000000000000000000000
00000000000000000111111111111111111111111100000000000000000000000000000000001111111111100000000000000000000000000000000000000000
00000000000000000111111111111111111111111100000000000000000000000000000000000000110000000000000000000000000000000000000000000000
00000000000000001111111111111111111111111100000000000000000000000000000000000000000000000000000000000000000000000000000000000000
00000000000000001111111111111111111111111000000000000000000000000000000000000000000000000000000000000000000000000000000000000000
00000000000000001111111111111111111111111000000000000000000000000000000000000000000000000000000000000000000000000000000000000000
00000000000000011111111111111111111111111000000000000000000000000000101100000000000000000000000000000000000000000000000000000000
00000000000000011111111111111111111111110000000000000000000000000111111111111111111000000000000000000000000000000000000000000000
00000000000000011111111111111111111111110000000000000000000000001111111111111111111111100000000000000000000000000000000000000000
00000000000000011111111111111111111111110000000000000000000000011111111111111111111111111000000000000000000000000000000000000000
00000000000000011111111111111111111111100000000000000000000000111111111111111111111111111000000000000000000000000000000000000000
00000000000000011111111111111111111111100000000000000000000001111111111111111111111111111100000000000000000000000000000000000000
00000000000000111111111111111111111111110000000000000000000011111111111111111111111111111100000000000000000000000000000000000000
00000000000000111111111111111111111111110000000000000000000011111111111111111111111111111000000000000000000000000000000000000000
00000000000000111111111111111111111111110000000000000000000111111111111111111111111111111000000000000000000000000000000000000000
00000000000000111111111111111111111111110000000000000000000111111111111111111111111111111100000000000000000000000000000000000000
00000000000000111111111111111111111111110000000000000000000111111111111111111111111111111100000000000000000000000000000000000000
00000000000000111111111111111111111111110000000000000000000111111111111111111111111111111100000000000000000000000000000000000000
00000000000000111111111111111111111111110000000000000000000111111111111111111111111111111110000000000000000000000000000000000000
00000000000001111111111111111111111111110000000000000000000111111111111111111111111111111110000000000000000000000000000000000000
00000000000001111111111111111111111111110000000000000000000111111111111111111111111111111110000000000000000000000000000000000000
00000000000001111111111111111111111111110000000000000000000111111111111111111111111111111110000000000000000000000000000000000000
00000000000001111111111111111111111111110000000000000000000111111111111111111111111111111110000000000000000000000000000000000000
00000000000001111111111111111111111111110000000000000000000111111111111111111111111111111110000000000000000000000000000000000000
00000000000001111111111111111111111111111000000000000000000111111111111111111111111111111110000000000000000000000000000000000000
00000000000001111111111111111111111111111000000000000000000111111111111111111111111111111110000000000000000000000000000000000000
00000000000001111111111111111111111111111000000000000000000011111111111111111111111111111110000000000000000000000000000000000000
00000000000001111111111111111111111111111000000000000000000011111111111111111111111111111110000000000000000000000000000000000000
00000000000001111111111111111111111111111000000000000000000000111111111111111111111111111111000000000000000000000000000000000000
00000000000001111111111111111111111111111000000000000000000000011111111111111111111111111111000000000000000000000000000000000000
00000000000001111111111111111111111111111000000000000000000000000001111111111111111111111111000000000000000000000000000000000000
00000000000001111111111111111111111111111000000000000000000000000000111111111111111111111111000000000000000000000000000000000000
00000000000001111111111111111111111111111000000000000000000000000000111111111111111111111111000000000000000000000000000000000000
00000000000001111111111111111111111111111100000000000000000000000000111111111111111111111111000000000000000000000000000000000000
00000000000001111111111111111111111111111100000000000000000000000000111111111111111111111111000000000000000000000000000000000000
00000000000001111111111111111111111111111100000000000000000000000000111111111111111111111111000000000000000000000000000000000000
00000000000001111111111111111111111111111100000000000000000000000000111111111111111111111111000000000000000000000000000000000000
00000000000001111111111111111111111111111110000000000000000000000000111111111111111111111111000000000000000000000000000000000000
00000000000000111111111111111111111111111110000000000000000000000000111111111111111111111111000000000000000000000000000000000000
00000000000000111111111111111111111111111110000000000000000000000000111111111111111111111111000000000000000000000000000000000000
00000000000000011111111111111111111111111110000000000000000000000000111111111111111111111111000000000000000000000000000000000000
00000000000000011111111111111111111111111111000000000000000000000000111111111111111111111111000000000000000000000000000000000000
00000000000000011111111111111111111111111111000000000000000000000000111111111111111111111111000000000000000000000000000000000000
00000000000000001111111111111111111111111111000000000000000000000000111111111111111111111111000000000000000000000000000000000000
00000000000000001111111111111111111111111111100000000000000000000000111111111111111111111111000000000000000000000000000000000000
00000000000000001111111111111111111111111111100000000000000000000000111111111111111111111111000000000000000000000000000000000000
00000000000000000111111111111111111111111111110000000000000000000000111111111111111111111111000000000000000000000000000000000000
00000000000000000011111111111111111111111111111100000000000000000001111111111111111111111111000000000000000000000000000000000000
00000000000000000011111111111111111111111111111100000000000000000001111111111111111111111111000000000000000000000000000000000000
00000000000000000011111111111111111111111111111100000000000000001111111111111111111111111110000000000000000000000000000000000000
00000000000000000000111111111111111111111111111111000000000000111111111111111111111111111110000000000000000000000000000000000000
00000000000000000000111111111111111111111111111111111000111111111111111111111111111111111110000000000000000000000000000000000000
00000000000000000000011111111111111111111111111111111111111111111111111111111111111111111100000000000000000000000000000000000000
00000000000000000000011111111111111111111111111111111111111111111111111111111111111111111100000000000000000000000000000000000000
00000000000000000000011111111111111111111111111111111111111111111111111111111111111111111100000000000000000000000000000000000000
00000000000000000000000111111111111111111111111111111111111111111111111111111111111111111000000000000000000000000000000000000000
00000000000000000000000011111111111111111111111111111111111111111111111111111111111111111000000000000000000000000000000000000000
00000000000000000000000000111111111111111111111111111111111111111111111111111111111111110000000000000000000000000000000000000000
00000000000000000000000000011111111111111111111111111111111111111111111111111111111111110000000000000000000000000000000000000000
00000000000000000000000000011111111111111111111111111111111111111111111111111111111111000000000000000000000000000000000000000000
00000000000000000000000000000011111111111111111111111111111111111111111111111111111111000000000000000000000000000000000000000000
00000000000000000000000000000001111111111111111111111111111111111111111111111111111110000000000000000000000000000000000000000000
00000000000000000000000000000000011111111111111111111111111111111111111111111111111000000000000000000000000000000000000000000000
00000000000000000000000000000000000111111111111111111111111111111111111111111111110000000000000000000000000000000000000000000000
00000000000000000000000000000000000111111111111111111111111111111111111111111111000000000000000000000000000000000000000000000000
00000000000000000000000000000000000000000000001111111111111111111111111111110000000000000000000000000000000000000000000000000000
00000000000000000000000000000000000000000000000000111111111111111111110000000000000000000000000000000000000000000000000000000000
00000000000000000000000000000000000000000000000000000000001000000000000000000000000000000000000000000000000000000000000000000000
00000000000000000000000000000000000000000000000000000000000000000000000000000000000000000000000000000000000000000000000000000000
00000000000000000000000000000000000000000000000000000000000000000000000000000000000000000000000000000000000000000000000000000000
00000000000000000000000000000000000000000000000000000000000000000000000000000000000000000000000000000000000000000000000000000000
