00000000000000000000000000000000000000000000000000000000000000000000000000000000000000000000000000000000000000000000000000000000
00000000000000000000000000000000000000000001000000000000000000000000000000000000000000000000000000000000000000000000000000000000
00000000000000000000000000000000000000010111111111100000000000000000000000000000000000000000000000001111111100000000000000000000
00000000000000000000000000000000000111111111111111111100000000000000000000000000000000000000000000011111111111111000000000000000
00000000000000000000000000000000001111111111111111111100000000000000000000000000000000000000000001111111111111111110000000000000
00000000000000000000000000000001111111111111111111111100000000000000000000000000000000000000000001111111111111111110000000000000
00000000000000000000000000001111111111111111111111111110000000000000000000000000000000000000000001111111111111111110000000000000
00000000000000000000000000011111111111111111111111111111000000000000000000000000000000000000000011111111111111111110000000000000
00000000000000000000000000111111111111111111111111111111000000000000000000000000000000000000000011111111111111111110000000000000
00000000000000000000000000111111111111111111111111111111100000000000000000000000000000000000000111111111111111111110000000000000
00000000000000000000000011111111111111111111111111111111100000000000000000000000000000000000001111111111111111111110000000000000
00000000000000000000000011111111111111111111111111111111100000000000000000000000000000000000001111111111111111111100000000000000
00000000000000000000000011111111111111111111111111111111110000000000000000000000000000000000001111111111111111111000000000000000
00000000000000000000000011111111111111111111111111111111110000000000000000000000000000000000011111111111111111110000000000000000
00000000000000000000000011111111111111111111111111111111110000000000000000000000000000000000011111111111111111110000000000000000
00000000000000000000000011111111111111111111111111111111110000000000000000000000000000000000011111111111111111100000000000000000
00000000000000000000000111111111111111111111111111111111110000000000000000000000000000000001111111111111111111000000000000000000
00000000000000000000001111111111111111111111111111111111110000000000000000000000000000000001111111111111111111000000000000000000
00000000000000000000001111111111111111111111111111111111110000000000000000000000000000000001111111111111111100000000000000000000
00000000000000000000011111111111111111110001111111111111110000000000000000000000000000000011111111111111111100000000000000000000
00000000000000000000011111111111111111110000111111111111110000000000000000000000000000000011111111111111111000000000000000000000
00000000000000000000011111111111111111110000111111111111110000000000000000000000000000001111111111111111110000000000000000000000
00000000000000000000111111111111111111110000111111111111110000000000000000000000000000001111111111111111100000000000000000000000
00000000000000000000011111111111111111111000111111111111110000000000000000000000000000011111111111111111000000000000000000000000
00000000000000000000011111111111111111111100111111111111110000000000000000000000000001111111111111111100000000000000000000000000
00000000000000000000011111111111111111111111111111111111110000000000000000000000000001111111111111111100000000000000000000000000
00000000000000000000011111111111111111111111111111111111110000000000000000000000000011111111111111111000000000000000000000000000
00000000000000000000011111111111111111111111111111111111110000000000000000000000011111111111111111111000000000000000000000000000
00000000000000000000011111111111111111111111111111111111100000000000000000000000111111111111111111111000000000000000000000000000
00000000000000000000011111111111111111111111111111111111100000000000000000000001111111111111111111110000000000000000000000000000
00000000000000000000011111111111111111111111111111111111100000000000000000000111111111111111111111110000000000000000000000000000
00000000000000000000011111111111111111111111111111111111111111111111111111111111111111111111111111100000000000000000000000000000
00000000000000000000011111111111111111111111111111111111111111111111111111111111111111111111111111100000000000000000000000000000
00000000000000000000011111111111111111111111111111111111111111111111111111111111111111111111111111000000000000000000000000000000
00000000000000000000011111111111111111111111111111111111111111111111111111111111111111111111111110000000000000000000000000000000
00000000000000000000011111111111111111111111111111111111111111111111111111111111111111111111111100000000000000000000000000000000
00000000000000000000011111111111111111111111111111111111111111111111111111111111111111111111111000000000000000000000000000000000
00000000000000000000011111111111111111111111111111111111111111111111111111111111111111111111110000000000000000000000000000000000
00000000000000000000001111111111111111111111111111111111111111111111111111111111111111111111000000000000000000000000000000000000
00000000000000000000000111111111111111111111111111111111111111111111111111111111111111111110000000000000000000000000000000000000
00000000000000000000000111111111111111111111111111111111111111111111111111111111111111111000000000000000000000000000000000000000
00000000000000000000000011111111111111111111111111111111111111111111111111111111111111100000000000000000000000000000000000000000
00000000000000000000000001111111111111111111111111111111111111111111111111111111111110000000000000000000000000000000000000000000
00000000000000000000000000001111111111111111111111111111111111111111111111111111110000000000000000000000000000000000000000000000
00000000000000000000000000000111111111111111111111111111111111111111111111111111000000000000000000000000000000000000000000000000
00000000000000000000000000000000111111111111111111111111111111111111111111111111000000000000000000000000000000000000000000000000
00000000000000000000000000000000011111111111111111111111111111111111111111111110000000000000000000000000000000000000000000000000
00000000000000000000000000000000011111111111111111111111111111111111111111110000000000000000000000000000000000000000000000000000
00000000000000000000000000000000111111111111111111111111111111111100111100000000000000000000000000000000000000000000000000000000
00000000000000000000000000000000111111111111111111111000000000000000000000000000000000000000000000000000000000000000000000000000
00000000000000000000000000000011111111111111111111111000000000000000000000000000000000000000000000000000000000000000000000000000
00000000000000000000000000000011111111111111111111111000000000000000000000000000000000000000000000000000000000000000000000000000
00000000000000000000000000000011111111111111111111110000000000000000000000000000000000000000000000000000000000000000000000000000
00000000000000000000000000000011111111111111111111110000000000000000000000000000000000000000000000000000000000000000000000000000
00000000000000000000000000000111111111111111111111100000000000000000000000000000000000000000000000000000010000000000000000000000
00000000000000000000000000000111111111111111111111100000000000000000000000000000000000000000000111111111111110000000000000000000
00000000000000000000000000000111111111111111111111100000000000000000000000000000000000000000011111111111111111000000000000000000
00000000000000000000000000000111111111111111111111100000000000000000000000000000000000000001111111111111111111000000000000000000
00000000000000000000000000001111111111111111111111100000000000000000000000000000000000000011111111111111111111000000000000000000
00000000000000000000000000001111111111111111111111100000000000000000000000000000000000000011111111111111111111100000000000000000
00000000000000000000000000001111111111111111111111100000000000000000000000000000000000000011111111111111111111100000000000000000
00000000000000000000000000001111111111111111111110000000000000000000000000000000000000000111111111111111111111100000000000000000
00000000000000000000000000111111111111111111111110000000000000000000000000000000000000011111111111111111111111100000000000000000
00000000000000000000000000111111111111111111111100000000000000000000000000000000000000011111111111111111111111100000000000000000
00000000000000000000000000111111111111111111111000000000000000000000000000000000000001111111111111111111111111100000000000000000
00000000000000000000000001111111111111111111110000000000000000000000000000000000000001111111111111111111111111110000000000000000
00000000000000000000000001111111111111111111100000000000000000000000000000000000000011111111111111111111111111100000000000000000
00000000000000000000000001111111111111111111100000000000000000000000000000000000000111111111111111111111111111100000000000000000
00000000000000000000000001111111111111111111100000000000000000000000000000000000000111111111111111111111111111100000000000000000
00000000000000000000000011111111111111111110000000000000000000000000000000000000001111111111111111111111111111100000000000000000
00000000000000000000000011111111111111111110000000000000000000000000000000000000001111111111111111111111111111000000000000000000
00000000000000000000000011111111111111111110000000000000000000000000000000000000001111111111111111111111111111000000000000000000
00000000000000000000000111111111111111111100000000000000000000000000000000000000001111111111111111111111000000000000000000000000
00000000000000000000000111111111111111111100000000000000000000000000000000000000001111111111111111111110000000000000000000000000
00000000000000000000001111111111111111111100000000000000000000000000000000000000011111111111111111111100000000000000000000000000
00000000000000000000001111111111111111111000000000000000000000000000000000000000011111111111111111111100000000000000000000000000
00000000000000000000011111111111111111111000000000000000000000000000000000000000011111111111111111111000000000000000000000000000
00000000000000000000011111111111111111111000000000000000000000000000000000000000111111111111111111111000000000000000000000000000
00000000000000000000111111111111111111110000000000000000000000000000000000000000111111111111111111111000000000000000000000000000
00000000000000000001111111111111111111100000000000000000000000000000000000000001111111111111111111110000000000000000000000000000
00000000000000000001111111111111111111100000000000000000000000000000000000000001111111111111111111110000000000000000000000000000
00000000000000000001111111111111111111100000000000000000000000000000000000000001111111111111111111110000000000000000000000000000
00000000000000000001111111111111111111100000000000000000000000000000000000000001111111111111111111110000000000000000000000000000
00000000000000000001111111111111111111100000000000000000000000000000000000000001111111111111111111100000000000000000000000000000
00000000000000000011111111111111111111100000000000000000000000000000000000000001111111111111111111100000000000000000000000000000
00000000000000000011111111111111111111100000000000000000000000000000000000000011111111111111111111100000000000000000000000000000
00000000000000000111111111111111111111100000000000000000000000000000000000000011111111111111111111000000000000000000000000000000
00000000000000000111111111111111111111000000000000000000000000000000000000000011111111111111111110000000000000000000000000000000
00000000000000000111111111111111111111000000000000000000000000000000000000000011111111111111111110000000000000000000000000000000
00000000000000000111111111111111111111000000000000000000000000000000000000000011111111111111111110000000000000000000000000000000
00000000000000000111111111111111111111000000000000000000000000000000000000000111111111111111111110000000000000000000000000000000
00000000000000000111111111111111111111000000000000000000000000000000000000000111111111111111111110000000000000000000000000000000
00000000000000000111111111111111111111000000000000000000000000000000000000001111111111111111111110000000000000000000000000000000
00000000000000000111111111111111111111000000000000000000000000000000000000011111111111111111111100000000000000000000000000000000
00000000000000000111111111111111111111000000000000000000000000000000000000011111111111111111111100000000000000000000000000000000
00000000000000000111111111111111111111000000000000000000000000000000000000111111111111111111111100000000000000000000000000000000
00000000000000000111111111111111111111000000000000000000000000000000000001111111111111111111111100000000000000000000000000000000
00000000000000000111111111111111111111100000000000000000000000000000000001111111111111111111111100000000000000000000000000000000
00000000000000000111111111111111111111110000000000000000000000000000000011111111111111111111111000000000000000000000000000000000
00000000000000000111111111111111111111111000000000000000000000000000000111111111111111111111111000000000000000000000000000000000
00000000000000000111111111111111111111111111111111000000000000000000011111111111111111111111111000000000000000000000000000000000
00000000000000000111111111111111111111111111111111111111111111111111111111111111111111111111110000000000000000000000000000000000
00000000000000000011111111111111111111111111111111111111111111111111111111111111111111111111110000000000000000000000000000000000
00000000000000000011111111111111111111111111111111111111111111111111111111111111111111111111110000000000000000000000000000000000
00000000000000000011111111111111111111111111111111111111111111111111111111111111111111111111100000000000000000000000000000000000
00000000000000000011111111111111111111111111111111111111111111111111111111111111111111111111100000000000000000000000000000000000
00000000000000000011111111111111111111111111111111111111111111111111111111111111111111111111100000000000000000000000000000000000
00000000000000000011111111111111111111111111111111111111111111111111111111111111111111111111000000000000000000000000000000000000
00000000000000000011111111111111111111111111111111111111111111111111111111111111111111111111000000000000000000000000000000000000
00000000000000000011111111111111111111111111111111111111111111111111111111111111111111111111000000000000000000000000000000000000
00000000000000000011111111111111111111111111111111111111111111111111111111111111111111111110000000000000000000000000000000000000
00000000000000000011111111111111111111111111111111111111111111111111111111111111111111111110000000000000000000000000000000000000
00000000000000000011111111111111111111111111111111111111111111111111111111111111111111111100000000000000000000000000000000000000
00000000000000000011111111111111111111111111111111111111111111111111111111111111111111111000000000000000000000000000000000000000
00000000000000000001111111111111111111111111111111111111111111111111111111111111111111110000000000000000000000000000000000000000
00000000000000000000000111111111111111111111111111111111111111111111111111111111111111000000000000000000000000000000000000000000
00000000000000000000000011111111111111111111111111111111111111111111111111111111111000000000000000000000000000000000000000000000
00000000000000000000000000111111111111111111111111111111111111111111111111111111000000000000000000000000000000000000000000000000
00000000000000000000000000000111111111111111111111111111111111111111111111111110000000000000000000000000000000000000000000000000
00000000000000000000000000000000111111111111111111111111000000001000000001000000000000000000000000000000000000000000000000000000
00000000000000000000000000000000000000000000000000000000000000000000000000000000000000000000000000000000000000000000000000000000
00000000000000000000000000000000000000000000000000000000000000000000000000000000000000000000000000000000000000000000000000000000
00000000000000000000000000000000000000000000000000000000000000000000000000000000000000000000000000000000000000000000000000000000
00000000000000000000000000000000000000000000000000000000000000000000000000000000000000000000000000000000000000000000000000000000
00000000000000000000000000000000000000000000000000000000000000000000000000000000000000000000000000000000000000000000000000000000
00000000000000000000000000000000000000000000000000000000000000000000000000000000000000000000000000000000000000000000000000000000
00000000000000000000000000000000000000000000000000000000000000000000000000000000000000000000000000000000000000000000000000000000
00000000000000000000000000000000000000000000000000000000000000000000000000000000000000000000000000000000000000000000000000000000
