00000000000000000000000000000000000000000000000000000000000000000000000000000000000000000000000000000000000000000000000000000000
00000000000000000000000000000000000000000000000000000000000000000000000000000000000000000000000000000000000000000000000000000000
00000000000000000000000000000000000000000000000000000000000000000000000000000000000000000000000000000000000000000000000000000000
00000000000000000000000000000000000000000000000000000000000000000000000000000000000000000000000000000000000000000000000000000000
00000000000000000000000000000000000000000000000000000000000000000000000000000000000000000000000000000111111100000000000000000000
00000000000000000000000000000000011111111111111000000000000000000000000000000000000000000000000000011111111110000000000000000000
00000000000000000000000000000000011111111111111111111000000000000000000000000000000000000000000001111111111111000000000000000000
00000000000000000000000000000000111111111111111111111111000000000000000000000000000000000000000011111111111111111000000000000000
00000000000000000000000000000011111111111111111111111111100000000000000000000000000000000000000111111111111111111000000000000000
00000000000000000000000000000111111111111111111111111111100000000000000000000000000000000000001111111111111111111000000000000000
00000000000000000000000000001111111111111111111111111111100000000000000000000000000000000000001111111111111111111000000000000000
00000000000000000000000000001111111111111111111111111111110000000000000000000000000000000000011111111111111111111000000000000000
00000000000000000000000000011111111111111111111111111111110000000000000000000000000000000000111111111111111111111000000000000000
00000000000000000000000000111111111111111111111111111111100000000000000000000000000000000001111111111111111111111000000000000000
00000000000000000000000001111111111111111111111111111111100000000000000000000000000000000001111111111111111111111000000000000000
00000000000000000000000001111111111111111111111111111111000000000000000000000000000000000011111111111111111111111000000000000000
00000000000000000000000001111111111111111111111111111110000000000000000000000000000000000011111111111111111111111000000000000000
00000000000000000000000011111111111111111111111111111110000000000000000000000000000000001111111111111111111111100000000000000000
00000000000000000000000001111111111111101111111111111100000000000000000000000000000000001111111111111111111111000000000000000000
00000000000000000000000001111111111111001111111111111100000000000000000000000000000000001111111111111111111110000000000000000000
00000000000000000000000001111111111110001111111111111000000000000000000000000000000000011111111111111111111100000000000000000000
00000000000000000000000001111111111110011111111111111000000000000000000000000000000000011111111111111111111000000000000000000000
00000000000000000000000001111111111110011111111111111000000000000000000000000000000011111111111111111111110000000000000000000000
00000000000000000000000001111111111111111111111111111000000000000000000000000000000111111111111111111111110000000000000000000000
00000000000000000000000001111111111111111111111111111000000000000000000000000000111111111111111111111110000000000000000000000000
00000000000000000000000001111111111111111111111111111000000000000000000000000001111111111111111111111110000000000000000000000000
00000000000000000000000001111111111111111111111111111110000000000000000000000111111111111111111111111110000000000000000000000000
00000000000000000000000001111111111111111111111111111111000000000000000000111111111111111111111111111100000000000000000000000000
00000000000000000000000001111111111111111111111111111111110000000000000011111111111111111111111111110000000000000000000000000000
00000000000000000000000001111111111111111111111111111111111110000000011111111111111111111111111111100000000000000000000000000000
00000000000000000000000001111111111111111111111111111111111111111111111111111111111111111111111111000000000000000000000000000000
00000000000000000000000001111111111111111111111111111111111111111111111111111111111111111111111110000000000000000000000000000000
00000000000000000000000000111111111111111111111111111111111111111111111111111111111111111111111110000000000000000000000000000000
00000000000000000000000000111111111111111111111111111111111111111111111111111111111111111111111100000000000000000000000000000000
00000000000000000000000000111111111111111111111111111111111111111111111111111111111111111111111100000000000000000000000000000000
00000000000000000000000000011111111111111111111111111111111111111111111111111111111111111111111000000000000000000000000000000000
00000000000000000000000000011111111111111111111111111111111111111111111111111111111111111111100000000000000000000000000000000000
00000000000000000000000000001111111111111111111111111111111111111111111111111111111111111111100000000000000000000000000000000000
00000000000000000000000000000111111111111111111111111111111111111111111111111111111111111111000000000000000000000000000000000000
00000000000000000000000000000011111111111111111111111111111111111111111111111111111111111110000000000000000000000000000000000000
00000000000000000000000000000011111111111111111111111111111111111111111111111111111111111000000000000000000000000000000000000000
00000000000000000000000000000011111111111111111111111111111111111111111111111111111111110000000000000000000000000000000000000000
00000000000000000000000000000011111111111111111111111111111111111111111111111111111111100000000000000000000000000000000000000000
00000000000000000000000000000011111111111111111111111111111111111111111111111111111111000000000000000000000000000000000000000000
00000000000000000000000000000111111111111111111111111111111111111111111111111111111110000000000000000000000000000000000000000000
00000000000000000000000000000111111111111111111111111111111111111111111111111111111000000000000000000000000000000000000000000000
00000000000000000000000000001111111111111111111111111111111111111111111111111111100000000000000000000000000000000000000000000000
00000000000000000000000000011111111111111111000011111111111111111111111111111110000000000000000000000000000000000000000000000000
00000000000000000000000000011111111111111111000000000000110000000000000101000000000000000000000000000000000000000000000000000000
00000000000000000000000000011111111111111110000000000000000000000000000000000000000000000000000000000000000000000000000000000000
00000000000000000000000000111111111111111110000000000000000000000000000000000000000000000000000000000000000000000000000000000000
00000000000000000000000000111111111111111110000000000000000000000000000000000000000000000000000000000000000000000000000000000000
00000000000000000000000000111111111111111110000000000000000000000000000000000000000000000000000000000000000000000000000000000000
00000000000000000000000001111111111111111110000000000000000000000000000000000000000000000000000000000000000000000000000000000000
00000000000000000000000001111111111111111110000000000000000000000000000000000000000000000000000000000000000000000000000000000000
00000000000000000000000001111111111111111110000000000000000000000000000000000000000000000000000000000000000000000000000000000000
00000000000000000000000011111111111111111100000000000000000000000000000000000000000000000000000000000000000000000000000000000000
00000000000000000000000011111111111111111100000000000000000000000000000000000000000000000000000000000000000000000000000000000000
00000000000000000000000111111111111111111100000000000000000000000000000000000000000000000000000000000000000000000000000000000000
00000000000000000000000111111111111111111000000000000000000000000000000000000000000000000000000000000000000000000000000000000000
00000000000000000000000111111111111111111000000000000000000000000000000000000000000000000000000000000000000000000000000000000000
00000000000000000000000111111111111111111000000000000000000000000000000000000000000000000000000000000000000000000000000000000000
00000000000000000000000111111111111111111000000000000000000000000000000000000000000000000000000000000000000000000000000000000000
00000000000000000000001111111111111111111000000000000000000000000000000000000000000000000000000000000000000000000000000000000000
00000000000000000000001111111111111111110000000000000000000000000000000000000000000000000000000000000000000000000000000000000000
00000000000000000000001111111111111111110000000000000000000000000000000000000000000000000000000000000000000000000000000000000000
00000000000000000000001111111111111111110000000000000000000000000000000000000000000000000111111111111000000000000000000000000000
00000000000000000000011111111111111111110000000000000000000000000000000000000000000000011111111111111100000000000000000000000000
00000000000000000000011111111111111111110000000000000000000000000000000000000000000000111111111111111110000000000000000000000000
00000000000000000000011111111111111111110000000000000000000000000000000000000000000011111111111111111111000000000000000000000000
00000000000000000000111111111111111111100000000000000000000000000000000000000000000111111111111111111111000000000000000000000000
00000000000000000000111111111111111111100000000000000000000000000000000000000000000111111111111111111111100000000000000000000000
00000000000000000001111111111111111111100000000000000000000000000000000000000000001111111111111111111111100000000000000000000000
00000000000000000001111111111111111111100000000000000000000000000000000000000000011111111111111111111111110000000000000000000000
00000000000000000001111111111111111111100000000000000000000000000000000000000000111111111111111111111111110000000000000000000000
00000000000000000001111111111111111111100000000000000000000000000000000000000000111111111111111111111111111000000000000000000000
00000000000000000001111111111111111111000000000000000000000000000000000000000000111111111111111111111111111000000000000000000000
00000000000000000001111111111111111111000000000000000000000000000000000000000001111111111111111111111111111000000000000000000000
00000000000000000001111111111111111111000000000000000000000000000000000000000011111111111111111111111111111000000000000000000000
00000000000000000001111111111111111111000000000000000000000000000000000000000011111111111111111111111111111000000000000000000000
00000000000000000001111111111111111111000000000000000000000000000000000000000111111111111111110001111111111000000000000000000000
00000000000000000001111111111111111111000000000000000000000000000000000000000111111111111111110000111111100000000000000000000000
00000000000000000001111111111111111111000000000000000000000000000000000000001111111111111111100000000000000000000000000000000000
00000000000000000001111111111111111111000000000000000000000000000000000000001111111111111111000000000000000000000000000000000000
00000000000000000001111111111111111111000000000000000000000000000000000000001111111111111111000000000000000000000000000000000000
00000000000000000001111111111111111111000000000000000000000000000000000000001111111111111111000000000000000000000000000000000000
00000000000000000001111111111111111111000000000000000000000000000000000000011111111111111110000000000000000000000000000000000000
00000000000000000001111111111111111111000000000000000000000000000000000000011111111111111100000000000000000000000000000000000000
00000000000000000001111111111111111111000000000000000000000000000000000000011111111111111100000000000000000000000000000000000000
00000000000000000001111111111111111111000000000000000000000000000000000000111111111111111100000000000000000000000000000000000000
00000000000000000001111111111111111111000000000000000000000000000000000000111111111111111100000000000000000000000000000000000000
00000000000000000001111111111111111111100000000000000000000000000000000001111111111111111000000000000000000000000000000000000000
00000000000000000001111111111111111111110000000000000000000000000000000001111111111111111000000000000000000000000000000000000000
00000000000000000001111111111111111111111000000000000000000000000000000001111111111111111000000000000000000000000000000000000000
00000000000000000001111111111111111111111100000000000000000000000000000011111111111111111000000000000000000000000000000000000000
00000000000000000001111111111111111111111110000000000000000000000000000011111111111111111000000000000000000000000000000000000000
00000000000000000001111111111111111111111111111000000000000000000000000011111111111111111000000000000000000000000000000000000000
00000000000000000000111111111111111111111111111100000000000000000000000111111111111111110000000000000000000000000000000000000000
00000000000000000000111111111111111111111111111111000000000000000000000111111111111111110000000000000000000000000000000000000000
00000000000000000000111111111111111111111111111111111100000000000000001111111111111111110000000000000000000000000000000000000000
00000000000000000000011111111111111111111111111111111111000000000000111111111111111111110000000000000000000000000000000000000000
00000000000000000000011111111111111111111111111111111111111000000111111111111111111111110000000000000000000000000000000000000000
00000000000000000000011111111111111111111111111111111111111111111111111111111111111111110000000000000000000000000000000000000000
00000000000000000000001111111111111111111111111111111111111111111111111111111111111111100000000000000000000000000000000000000000
00000000000000000000001111111111111111111111111111111111111111111111111111111111111111100000000000000000000000000000000000000000
00000000000000000000000111111111111111111111111111111111111111111111111111111111111111100000000000000000000000000000000000000000
00000000000000000000000111111111111111111111111111111111111111111111111111111111111111100000000000000000000000000000000000000000
00000000000000000000000111111111111111111111111111111111111111111111111111111111111111100000000000000000000000000000000000000000
00000000000000000000000011111111111111111111111111111111111111111111111111111111111111100000000000000000000000000000000000000000
00000000000000000000000011111111111111111111111111111111111111111111111111111111111111100000000000000000000000000000000000000000
00000000000000000000000001111111111111111111111111111111111111111111111111111111111111100000000000000000000000000000000000000000
00000000000000000000000000111111111111111111111111111111111111111111111111111111111111100000000000000000000000000000000000000000
00000000000000000000000000011111111111111111111111111111111111111111111111111111111111000000000000000000000000000000000000000000
00000000000000000000000000011111111111111111111111111111111111111111111111111111111111000000000000000000000000000000000000000000
00000000000000000000000000000111111111111111111111111111111111111111111111111111111111100000000000000000000000000000000000000000
00000000000000000000000000000001111111111111111111111111111111111111111111111111111111000000000000000000000000000000000000000000
00000000000000000000000000000000111111111111111111111111111111111111111111111111111111000000000000000000000000000000000000000000
00000000000000000000000000000000001111111111111111111111111111111111111111111111111111000000000000000000000000000000000000000000
00000000000000000000000000000000000001111111111111111111111111111111111111111111111110000000000000000000000000000000000000000000
00000000000000000000000000000000000000001111111111111111111111111111111111111111111000000000000000000000000000000000000000000000
00000000000000000000000000000000000000000000011111111111111111111111111111111111000000000000000000000000000000000000000000000000
00000000000000000000000000000000000000000000000000000000000111111111111111111100000000000000000000000000000000000000000000000000
00000000000000000000000000000000000000000000000000000000000000000000000000000000000000000000000000000000000000000000000000000000
00000000000000000000000000000000000000000000000000000000000000000000000000000000000000000000000000000000000000000000000000000000
00000000000000000000000000000000000000000000000000000000000000000000000000000000000000000000000000000000000000000000000000000000
00000000000000000000000000000000000000000000000000000000000000000000000000000000000000000000000000000000000000000000000000000000
00000000000000000000000000000000000000000000000000000000000000000000000000000000000000000000000000000000000000000000000000000000
00000000000000000000000000000000000000000000000000000000000000000000000000000000000000000000000000000000000000000000000000000000
