00000000000000000000000000000000000000000000000000000000000000000000000000000000000000000000000000000000000000000000000000000000
00000000000000000000000000000000000000000000000000000000000000000000000000000000000000000000000000000000000000000000000000000000
00000000000000000000000000000000000000000000000000000000000000000000000000000000000000000000000000000000000000000000000000000000
00000000000000000000000000000000000000000000000000000000000000000000000000000000000000000000000000000000000000000000000000000000
00000000000000000000000000000000000000000000000000000000000000000000000000000000000000000000000000111111100000000000000000000000
00000000000000000000000000000000000000000000000000000000000000000000000000000000000000000000000111111111110000000000000000000000
00000000000000000000000000000000000000000000000000000000000000000000000000000000000000000000011111111111111100000000000000000000
00000000000000000000000000000000000000000000000000000000000000000000000000000000000000000000111111111111111100000000000000000000
00000000000000000000000000000000000011111111111111110000000000000000000000000000000000000001111111111111111100000000000000000000
00000000000000000000000000000000001111111111111111111000000000000000000000000000000000000001111111111111111100000000000000000000
00000000000000000000000000000000111111111111111111111000000000000000000000000000000000000011111111111111111100000000000000000000
00000000000000000000000000000001111111111111111111111100000000000000000000000000000000000011111111111111111100000000000000000000
00000000000000000000000000000011111111111111111111111110000000000000000000000000000000000011111111111111111000000000000000000000
00000000000000000000000000000111111111111111111111111110000000000000000000000000000000000111111111111111110000000000000000000000
00000000000000000000000000001111111111111111111111111110000000000000000000000000000000001111111111111111110000000000000000000000
00000000000000000000000000001111111111111111111111111111000000000000000000000000000000001111111111111111110000000000000000000000
00000000000000000000000000001111111111111111111111111111000000000000000000000000000000011111111111111111110000000000000000000000
00000000000000000000000000011111111111111111111111111111110000000000000000000000000000011111111111111111100000000000000000000000
00000000000000000000000000111111111111111111111111111111111000000000000000000000000000111111111111111111000000000000000000000000
00000000000000000000000000111111111111111111111111111111111000000000000000000000000000111111111111111110000000000000000000000000
00000000000000000000000000111111111111111111111111111111111000000000000000000000000000111111111111111110000000000000000000000000
00000000000000000000000001111111111111111111111111111111111000000000000000000000000001111111111111111110000000000000000000000000
00000000000000000000000001111111111111110001111111111111111000000000000000000000000001111111111111111100000000000000000000000000
00000000000000000000000001111111111111100001111111111111111000000000000000000000000001111111111111111100000000000000000000000000
00000000000000000000000011111111111111100000111111111111111000000000000000000000000011111111111111111000000000000000000000000000
00000000000000000000000011111111111111100001111111111111111000000000000000000000000011111111111111111000000000000000000000000000
00000000000000000000000011111111111111100001111111111111111000000000000000000000000011111111111111111000000000000000000000000000
00000000000000000000000011111111111111100001111111111111111000000000000000000000000011111111111111110000000000000000000000000000
00000000000000000000000011111111111111100001111111111111110000000000000000000000000111111111111111110000000000000000000000000000
00000000000000000000000011111111111111100011111111111111110000000000000000000000001111111111111111110000000000000000000000000000
00000000000000000000000011111111111111100011111111111111110000000000000000000000001111111111111111100000000000000000000000000000
00000000000000000000000011111111111111111011111111111111110000000000000000000000001111111111111111100000000000000000000000000000
00000000000000000000000011111111111111111111111111111111100000000000000000000000011111111111111111100000000000000000000000000000
00000000000000000000000011111111111111111111111111111111000000000000000000000000111111111111111111100000000000000000000000000000
00000000000000000000000001111111111111111111111111111111000000000000000000000000111111111111111111000000000000000000000000000000
00000000000000000000000001111111111111111111111111111111000000000000000000000001111111111111111111000000000000000000000000000000
00000000000000000000000000111111111111111111111111111111000000000000000000000011111111111111111110000000000000000000000000000000
00000000000000000000000000111111111111111111111111111111000000000000000000001111111111111111111110000000000000000000000000000000
00000000000000000000000000111111111111111111111111111111100000000000000011111111111111111111111110000000000000000000000000000000
00000000000000000000000000011111111111111111111111111111111111111111111111111111111111111111111100000000000000000000000000000000
00000000000000000000000000011111111111111111111111111111111111111111111111111111111111111111111100000000000000000000000000000000
00000000000000000000000000001111111111111111111111111111111111111111111111111111111111111111111000000000000000000000000000000000
00000000000000000000000000001111111111111111111111111111111111111111111111111111111111111111111000000000000000000000000000000000
00000000000000000000000000000111111111111111111111111111111111111111111111111111111111111111111000000000000000000000000000000000
00000000000000000000000000000111111111111111111111111111111111111111111111111111111111111111110000000000000000000000000000000000
00000000000000000000000000000011111111111111111111111111111111111111111111111111111111111111110000000000000000000000000000000000
00000000000000000000000000000001111111111111111111111111111111111111111111111111111111111111100000000000000000000000000000000000
00000000000000000000000000000000111111111111111111111111111111111111111111111111111111111111000000000000000000000000000000000000
00000000000000000000000000000000011111111111111111111111111111111111111111111111111111111110000000000000000000000000000000000000
00000000000000000000000000000000001111111111111111111111111111111111111111111111111111111000000000000000000000000000000000000000
00000000000000000000000000000000001111111111111111111111111111111111111111111111111111110000000000000000000000000000000000000000
00000000000000000000000000000000011111111111111111111111111111111111111111111111111111110000000000000000000000000000000000000000
00000000000000000000000000000000011111111111111111111111111111111111111111111111111111000000000000000000000000000000000000000000
00000000000000000000000000000000111111111111111111111111111111111111111111111111111000000000000000000000000000000000000000000000
00000000000000000000000000000000111111111111111111111111111111111111111111111111110000000000000000000000000000000000000000000000
00000000000000000000000000000000111111111111111111111111111111111111111111111111000000000000000000000000000000000000000000000000
00000000000000000000000000000001111111111111111111111111111111111111111111110000000000000000000000000000000000000000000000000000
00000000000000000000000000000001111111111111111111110111111111111111111110000000000000000000000000000000000000000000000000000000
00000000000000000000000000000001111111111111111111110000000000000000000000000000000000000000000000000000000000000000000000000000
00000000000000000000000000000001111111111111111111100000000000000000000000000000000000000000000000000000000000000000000000000000
00000000000000000000000000000011111111111111111111100000000000000000000000000000000000000001100000010000000000000000000000000000
00000000000000000000000000000011111111111111111111100000000000000000000000000000000000011111111111111111000000000000000000000000
00000000000000000000000000000011111111111111111111100000000000000000000000000000000001111111111111111111100000000000000000000000
00000000000000000000000000000111111111111111111111100000000000000000000000000000000111111111111111111111110000000000000000000000
00000000000000000000000000000111111111111111111111100000000000000000000000000000001111111111111111111111111110000000000000000000
00000000000000000000000000000111111111111111111111100000000000000000000000000000011111111111111111111111111110000000000000000000
00000000000000000000000000000111111111111111111111000000000000000000000000000000011111111111111111111111111110000000000000000000
00000000000000000000000000000111111111111111111111000000000000000000000000000001111111111111111111111111111110000000000000000000
00000000000000000000000000001111111111111111111111000000000000000000000000000001111111111111111111111111111110000000000000000000
00000000000000000000000000001111111111111111111111100000000000000000000000000001111111111111111111111111111110000000000000000000
00000000000000000000000000001111111111111111111111000000000000000000000000000011111111111111111111111111111100000000000000000000
00000000000000000000000000001111111111111111111111000000000000000000000000000111111111111111111111111111111100000000000000000000
00000000000000000000000000001111111111111111111111000000000000000000000000000111111111111111111111111111111100000000000000000000
00000000000000000000000000001111111111111111111111000000000000000000000000000111111111111111111111111111111100000000000000000000
00000000000000000000000000001111111111111111111110000000000000000000000000001111111111111111111111111111111100000000000000000000
00000000000000000000000000001111111111111111111110000000000000000000000000001111111111111111111111111111111100000000000000000000
00000000000000000000000000001111111111111111111110000000000000000000000000001111111111111111111111111000000000000000000000000000
00000000000000000000000000011111111111111111111100000000000000000000000000011111111111111111111111110000000000000000000000000000
00000000000000000000000000011111111111111111111100000000000000000000000000011111111111111111111111110000000000000000000000000000
00000000000000000000000000011111111111111111111100000000000000000000000000011111111111111111111111110000000000000000000000000000
00000000000000000000000000011111111111111111111100000000000000000000000000011111111111111111111111100000000000000000000000000000
00000000000000000000000000011111111111111111111100000000000000000000000000111111111111111111111111100000000000000000000000000000
00000000000000000000000000011111111111111111111100000000000000000000000000111111111111111111111111100000000000000000000000000000
00000000000000000000000000011111111111111111111100000000000000000000000000111111111111111111111111000000000000000000000000000000
00000000000000000000000000111111111111111111111100000000000000000000000000111111111111111111111111000000000000000000000000000000
00000000000000000000000000111111111111111111111100000000000000000000000000111111111111111111111111000000000000000000000000000000
00000000000000000000000000111111111111111111111100000000000000000000000000111111111111111111111111000000000000000000000000000000
00000000000000000000000000111111111111111111111100000000000000000000000000111111111111111111111111000000000000000000000000000000
00000000000000000000000000111111111111111111111100000000000000000000000000111111111111111111111111000000000000000000000000000000
00000000000000000000000001111111111111111111111100000000000000000000000000111111111111111111111111000000000000000000000000000000
00000000000000000000000001111111111111111111111000000000000000000000000000111111111111111111111110000000000000000000000000000000
00000000000000000000000001111111111111111111111000000000000000000000000000111111111111111111111110000000000000000000000000000000
00000000000000000000000001111111111111111111111000000000000000000000000000111111111111111111111110000000000000000000000000000000
00000000000000000000000001111111111111111111111000000000000000000000000000111111111111111111111110000000000000000000000000000000
00000000000000000000000001111111111111111111111000000000000000000000000000111111111111111111111110000000000000000000000000000000
00000000000000000000000001111111111111111111111100000000000000000000000000111111111111111111111110000000000000000000000000000000
00000000000000000000000001111111111111111111111100000000000000000000000000111111111111111111111100000000000000000000000000000000
00000000000000000000000001111111111111111111111100000000000000000000000000111111111111111111111100000000000000000000000000000000
00000000000000000000000001111111111111111111111100000000000000000000000000111111111111111111111100000000000000000000000000000000
00000000000000000000000001111111111111111111111100000000000000000000000000111111111111111111111100000000000000000000000000000000
00000000000000000000000001111111111111111111111100000000000000000000000000111111111111111111111100000000000000000000000000000000
00000000000000000000000001111111111111111111111110000000000000000000000000111111111111111111111100000000000000000000000000000000
00000000000000000000000001111111111111111111111110000000000000000000000000111111111111111111111100000000000000000000000000000000
00000000000000000000000001111111111111111111111111000001000000100000000000111111111111111111111100000000000000000000000000000000
00000000000000000000000001111111111111111111111111111111111111111111111111111111111111111111111100000000000000000000000000000000
00000000000000000000000001111111111111111111111111111111111111111111111111111111111111111111111110000000000000000000000000000000
00000000000000000000000001111111111111111111111111111111111111111111111111111111111111111111111110000000000000000000000000000000
00000000000000000000000001111111111111111111111111111111111111111111111111111111111111111111111110000000000000000000000000000000
00000000000000000000000001111111111111111111111111111111111111111111111111111111111111111111111111000000000000000000000000000000
00000000000000000000000001111111111111111111111111111111111111111111111111111111111111111111111111100000000000000000000000000000
00000000000000000000000001111111111111111111111111111111111111111111111111111111111111111111111111100000000000000000000000000000
00000000000000000000000001111111111111111111111111111111111111111111111111111111111111111111111111100000000000000000000000000000
00000000000000000000000001111111111111111111111111111111111111111111111111111111111111111111111111110000000000000000000000000000
00000000000000000000000000111111111111111111111111111111111111111111111111111111111111111111111111110000000000000000000000000000
00000000000000000000000000111111111111111111111111111111111111111111111111111111111111111111111111111000000000000000000000000000
00000000000000000000000000111111111111111111111111111111111111111111111111111111111111111111111111111000000000000000000000000000
00000000000000000000000000011111111111111111111111111111111111111111111111111111111111111111111111111000000000000000000000000000
00000000000000000000000000011111111111111111111111111111111111111111111111111111111111111111111111111000000000000000000000000000
00000000000000000000000000001111111111111111111111111111111111111111111111111111111111111111111111111000000000000000000000000000
00000000000000000000000000001111111111111111111111111111111111111111111111111111111111111111111111111000000000000000000000000000
00000000000000000000000000000111111111111111111111111111111111111111111111111111111111111111111111111000000000000000000000000000
00000000000000000000000000000111111111111111111111111111111111111111111111111111111111111111111111111000000000000000000000000000
00000000000000000000000000000011111111111111111111111111111111111111111111111111111111111111111111110000000000000000000000000000
00000000000000000000000000000011111111111111111111111111111111111111111111111111111111111111111110000000000000000000000000000000
00000000000000000000000000000001111111111111111111111111111111111111111111111111111110000000000000000000000000000000000000000000
00000000000000000000000000000000111111111111111111111111111100100000000000000000100000000000000000000000000000000000000000000000
00000000000000000000000000000000000000000000000000000000000000000000000000000000000000000000000000000000000000000000000000000000
00000000000000000000000000000000000000000000000000000000000000000000000000000000000000000000000000000000000000000000000000000000
