00000000000000000000000000000000000000000000000000000000000000000000000000000000000000000000000000000000000000000000000000000000
00000000000000000000000000000000000000000000000000000000000000000000000000000000000000000000000000000000000000000000000000000000
00000000000000000000000000000000000000000000000000000000000000000000000000000000000000000001111100000000000000000000000000000000
00000000000000000000000101100000000000000000000000000000000000000000000000000000000001111111111111100000000000000000000000000000
00000000000000000000011111111100000000000000000000000000000000000000000000000000001111111111111111100000000000000000000000000000
00000000000000000000011111111111000000000000000000000000000000000000000000000000011111111111111111100000000000000000000000000000
00000000000000000000011111111111111111100000000000000000000000000000000000000000011111111111111111110000000000000000000000000000
00000000000000000111111111111111111111110000000000000000000000000000000000000000011111111111111111100000000000000000000000000000
00000000000000001111111111111111111111111000000000000000000000000000000000000000111111111111111111100000000000000000000000000000
00000000000000001111111111111111111111111100000000000000000000000000000000000000111111111111111111000000000000000000000000000000
00000000000000111111111111111111111111111110000000000000000000000000000000000001111111111111111110000000000000000000000000000000
00000000000000111111111111111111111111111111000000000000000000000000000000000001111111111111111110000000000000000000000000000000
00000000000001111111111111111111111111111111000000000000000000000000000000000001111111111111111100000000000000000000000000000000
00000000000111111111111111111111111111111111100000000000000000000000000000000011111111111111111100000000000000000000000000000000
00000000000111111111111111111111111111111111100000000000000000000000000000000011111111111111111100000000000000000000000000000000
00000000001111111111111111111111111111111111110000000000000000000000000000000111111111111111111000000000000000000000000000000000
00000000001111111111111111111111111111111111111000000000000000000000000000000111111111111111111000000000000000000000000000000000
00000000001111111111111111100011111111111111111000000000000000000000000000001111111111111111111000000000000000000000000000000000
00000000001111111111111111100011111111111111111100000000000000000000000000001111111111111111111000000000000000000000000000000000
00000000001111111111111111000011111111111111111100000000000000000000000000001111111111111111110000000000000000000000000000000000
00000000001111111111111111000011111111111111111100000000000000000000000000011111111111111111110000000000000000000000000000000000
00000000001111111111111111000011111111111111111100000000000000000000000000011111111111111111100000000000000000000000000000000000
00000000001111111111111111110111111111111111111110000000000000000000000000011111111111111111100000000000000000000000000000000000
00000000001111111111111111111111111111111111111110000000000000000000000000011111111111111111100000000000000000000000000000000000
00000000001111111111111111111111111111111111111110000000000000000000000000011111111111111111100000000000000000000000000000000000
00000000001111111111111111111111111111111111111110000000000000000000000000011111111111111111100000000000000000000000000000000000
00000000000111111111111111111111111111111111111110000000000000000000000000111111111111111111000000000000000000000000000000000000
00000000000111111111111111111111111111111111111110000000000000000000000000111111111111111111000000000000000000000000000000000000
00000000000111111111111111111111111111111111111111000000000000000000000000111111111111111111000000000000000000000000000000000000
00000000000111111111111111111111111111111111111111000000000000000000000000111111111111111111000000000000000000000000000000000000
00000000000111111111111111111111111111111111111111000000000000000000000001111111111111111111000000000000000000000000000000000000
00000000001111111111111111111111111111111111111111000000000000000000000001111111111111111110000000000000000000000000000000000000
00000000001111111111111111111111111111111111111111100000000000000000000111111111111111111100000000000000000000000000000000000000
00000000000111111111111111111111111111111111111111110000000111111111111111111111111111111100000000000000000000000000000000000000
00000000000111111111111111111111111111111111111111111111111111111111111111111111111111111100000000000000000000000000000000000000
00000000000111111111111111111111111111111111111111111111111111111111111111111111111111111000000000000000000000000000000000000000
00000000000011111111111111111111111111111111111111111111111111111111111111111111111111110000000000000000000000000000000000000000
00000000000001111111111111111111111111111111111111111111111111111111111111111111111111110000000000000000000000000000000000000000
00000000000001111111111111111111111111111111111111111111111111111111111111111111111111110000000000000000000000000000000000000000
00000000000000111111111111111111111111111111111111111111111111111111111111111111111111100000000000000000000000000000000000000000
00000000000000001111111111111111111111111111111111111111111111111111111111111111111111100000000000000000000000000000000000000000
00000000000000000111111111111111111111111111111111111111111111111111111111111111111111100000000000000000000000000000000000000000
00000000000000000011111111111111111111111111111111111111111111111111111111111111111111100000000000000000000000000000000000000000
00000000000000000001111111111111111111111111111111111111111111111111111111111111111110000000000000000000000000000000000000000000
00000000000000000001111111111111111111111111111111111111111111111111111111111111111110000000000000000000000000000000000000000000
00000000000000000001111111111111111111111111111111111111111111111111111111111111111110000000000000000000000000000000000000000000
00000000000000000001111111111111111111111111111111111111111111111111111111111111111000000000000000000000000000000000000000000000
00000000000000000011111111111111111111111111111111111111111111111111111111111111111000000000000000000000000000000000000000000000
00000000000000000011111111111111111111111111111111111111111111111111111111111111110000000000000000000000000000000000000000000000
00000000000000000011111111111111111111111111111111111111111111111111111111111111100000000000000000000000000000000000000000000000
00000000000000000111111111111111111111111111111111111111111111111111111111111110000000000000000000000000000000000000000000000000
00000000000000000111111111111111111111111111111111111111111111111111111111111000000000000000000000000000000000000000000000000000
00000000000000000111111111111111111111111001111111111111111111111111111100000000000000000000000000000000000000000000000000000000
00000000000000001111111111111111111111110000000000000000000000000000000000000000000000000000000000000000000000000000000000000000
00000000000000001111111111111111111111110000000000000000000000000000000000000000000000000000000000000000000000000000000000000000
00000000000000001111111111111111111111110000000000000000000000000000000000000000000000000000000000000000000000000000000000000000
00000000000000001111111111111111111111111000000000000000000000000000000000000000000000000000001111111110000000000000000000000000
00000000000000001111111111111111111111111000000000000000000000000000000000000000000000001111111111111111000000000000000000000000
00000000000000011111111111111111111111110000000000000000000000000000000000000000000000001111111111111111100000000000000000000000
00000000000000011111111111111111111111110000000000000000000000000000000000000000000000011111111111111111110000000000000000000000
00000000000000011111111111111111111111110000000000000000000000000000000000000000000000011111111111111111111000000000000000000000
00000000000000011111111111111111111111110000000000000000000000000000000000000000000000111111111111111111111100000000000000000000
00000000000000011111111111111111111111110000000000000000000000000000000000000000000001111111111111111111111100000000000000000000
00000000000000011111111111111111111111110000000000000000000000000000000000000000000001111111111111111111111100000000000000000000
00000000000000011111111111111111111111110000000000000000000000000000000000000000000011111111111111111111111100000000000000000000
00000000000000111111111111111111111111110000000000000000000000000000000000000000000111111111111111111111111100000000000000000000
00000000000000111111111111111111111111110000000000000000000000000000000000000000000111111111111111111111111100000000000000000000
00000000000000111111111111111111111111100000000000000000000000000000000000000000000111111111111111111111111100000000000000000000
00000000000000111111111111111111111111100000000000000000000000000000000000000000001111111111111111111111111100000000000000000000
00000000000000111111111111111111111111100000000000000000000000000000000000000000001111111111111111111111111100000000000000000000
00000000000000111111111111111111111111100000000000000000000000000000000000000000011111111111111111111110000000000000000000000000
00000000000000111111111111111111111111100000000000000000000000000000000000000000011111111111111111111000000000000000000000000000
00000000000001111111111111111111111111100000000000000000000000000000000000000000011111111111111111110000000000000000000000000000
00000000000001111111111111111111111111100000000000000000000000000000000000000000011111111111111111100000000000000000000000000000
00000000000001111111111111111111111111100000000000000000000000000000000000000000011111111111111111100000000000000000000000000000
00000000000001111111111111111111111111100000000000000000000000000000000000000000011111111111111111100000000000000000000000000000
00000000000001111111111111111111111111100000000000000000000000000000000000000000011111111111111111100000000000000000000000000000
00000000000001111111111111111111111111100000000000000000000000000000000000000000011111111111111111100000000000000000000000000000
00000000000001111111111111111111111111100000000000000000000000000000000000000000111111111111111111100000000000000000000000000000
00000000000001111111111111111111111111100000000000000000000000000000000000000000111111111111111111100000000000000000000000000000
00000000000001111111111111111111111111100000000000000000000000000000000000000000111111111111111111110000000000000000000000000000
00000000000001111111111111111111111111100000000000000000000000000000000000000000111111111111111111100000000000000000000000000000
00000000000001111111111111111111111111100000000000000000000000000000000000000000111111111111111111100000000000000000000000000000
00000000000001111111111111111111111111100000000000000000000000000000000000000000111111111111111111100000000000000000000000000000
00000000000001111111111111111111111111100000000000000000000000000000000000000000111111111111111111100000000000000000000000000000
00000000000001111111111111111111111111100000000000000000000000000000000000000000111111111111111111100000000000000000000000000000
00000000000001111111111111111111111111100000000000000000000000000000000000000001111111111111111111100000000000000000000000000000
00000000000001111111111111111111111111100000000000000000000000000000000000000001111111111111111111100000000000000000000000000000
00000000000001111111111111111111111111100000000000000000000000000000000000000001111111111111111111100000000000000000000000000000
00000000000001111111111111111111111111100000000000000000000000000000000000000011111111111111111111100000000000000000000000000000
00000000000001111111111111111111111111100000000000000000000000000000000000000011111111111111111111100000000000000000000000000000
00000000000001111111111111111111111111100000000000000000000000000000000000000011111111111111111111100000000000000000000000000000
00000000000001111111111111111111111111100000000000000000000000000000000000000011111111111111111111100000000000000000000000000000
00000000000001111111111111111111111111100000000000000000000000000000000000000011111111111111111111100000000000000000000000000000
00000000000011111111111111111111111111100000000000000000000000000000000000000011111111111111111111100000000000000000000000000000
00000000000001111111111111111111111111100000000000000000000000000000000000000011111111111111111111110000000000000000000000000000
00000000000001111111111111111111111111100000000000000000000000000000000000000111111111111111111111100000000000000000000000000000
00000000000001111111111111111111111111100000000000000000000000000000000000000111111111111111111111100000000000000000000000000000
00000000000001111111111111111111111111100000000000000000000000000000000000001111111111111111111111100000000000000000000000000000
00000000000000111111111111111111111111100000000000000000000000000000000000111111111111111111111111100000000000000000000000000000
00000000000000111111111111111111111111111000001100000000000000000000111111111111111111111111111111100000000000000000000000000000
00000000000000111111111111111111111111111111111111111111000000000011111111111111111111111111111111100000000000000000000000000000
00000000000000111111111111111111111111111111111111111111111111111111111111111111111111111111111111000000000000000000000000000000
00000000000000111111111111111111111111111111111111111111111111111111111111111111111111111111111111100000000000000000000000000000
00000000000001111111111111111111111111111111111111111111111111111111111111111111111111111111111111100000000000000000000000000000
00000000000001111111111111111111111111111111111111111111111111111111111111111111111111111111111111100000000000000000000000000000
00000000000000111111111111111111111111111111111111111111111111111111111111111111111111111111111111100000000000000000000000000000
00000000000000111111111111111111111111111111111111111111111111111111111111111111111111111111111111100000000000000000000000000000
00000000000000111111111111111111111111111111111111111111111111111111111111111111111111111111111111100000000000000000000000000000
00000000000000111111111111111111111111111111111111111111111111111111111111111111111111111111111111000000000000000000000000000000
00000000000000011111111111111111111111111111111111111111111111111111111111111111111111111111111111000000000000000000000000000000
00000000000000011111111111111111111111111111111111111111111111111111111111111111111111111111111111000000000000000000000000000000
00000000000000011111111111111111111111111111111111111111111111111111111111111111111111111111111111000000000000000000000000000000
00000000000000001111111111111111111111111111111111111111111111111111111111111111111111111111111111000000000000000000000000000000
00000000000000001111111111111111111111111111111111111111111111111111111111111111111111111111111111000000000000000000000000000000
00000000000000001111111111111111111111111111111111111111111111111111111111111111111111111111111111000000000000000000000000000000
00000000000000000111111111111111111111111111111111111111111111111111111111111111111111111111111111000000000000000000000000000000
00000000000000000001111111111111111111111111111111111111111111111111111111111111111111111111111100000000000000000000000000000000
00000000000000000000001111111111111111111111111111111111111111111111111111111111111111111111110000000000000000000000000000000000
00000000000000000000000000011111111111111111111111111111111111111111111111111111111111100000000000000000000000000000000000000000
00000000000000000000000000000000000100000000000000000000000000000000000000000000000000000000000000000000000000000000000000000000
00000000000000000000000000000000000000000000000000000000000000000000000000000000000000000000000000000000000000000000000000000000
00000000000000000000000000000000000000000000000000000000000000000000000000000000000000000000000000000000000000000000000000000000
00000000000000000000000000000000000000000000000000000000000000000000000000000000000000000000000000000000000000000000000000000000
00000000000000000000000000000000000000000000000000000000000000000000000000000000000000000000000000000000000000000000000000000000
00000000000000000000000000000000000000000000000000000000000000000000000000000000000000000000000000000000000000000000000000000000
00000000000000000000000000000000000000000000000000000000000000000000000000000000000000000000000000000000000000000000000000000000
00000000000000000000000000000000000000000000000000000000000000000000000000000000000000000000000000000000000000000000000000000000
