00000000000000000000000000000000000000000000000000000000000000000000000000000000000000000000000000000000000000000000000000000000
00000000000000000000000000000000000000000000000000000000000000000000000000000000000000000000000000000000000000000000000000000000
00000000000000000000000000000000000000000000000000000000000000000000000000000000000000000000000000000000000000000000000000000000
00000000000000000000000000000000000000000000000000000000000000000000000000000000000000000000000000000000000000000000000000000000
00000000000000000000000000000000000000000000000000000000000000000000000000000000000000000000000000000000000000000000000000000000
00000000000000000000000000000000000000000000000000000000000000000000000000000000000000000001000000000000000000000000000000000000
00000000000000000000000000000000000000000000000000000000000000000000000000000000000000001111111111111000000000000000000000000000
00000000000000000000000000000000000000000000000000000000000000000000000000000000000111111111111111111111000000000000000000000000
00000000000000000000000000000000000000000000000000000000000000000000000000000000001111111111111111111111000000000000000000000000
00000000000000000000000000000000000000000000000000000000000000000000000000000000001111111111111111111111000000000000000000000000
00000000000000000000000000000000000000000000000000000000000000000000000000000000011111111111111111111111000000000000000000000000
00000000000000000000000000000000000000000000000000000000000000000000000000000000011111111111111111111111000000000000000000000000
00000000000000000000000000000000000000000000000000000000000000000000000000000000111111111111111111111111000000000000000000000000
00000000000000000000000000000000000000101000000100000000000000000000000000000000111111111111111111111111000000000000000000000000
00000000000000000000000000000000111111111111111111000000000000000000000000000000111111111111111111111111000000000000000000000000
00000000000000000000000000000011111111111111111111111000000000000000000000000000111111111111111111111111000000000000000000000000
00000000000000000000000000000111111111111111111111111111000000000000000000000000111111111111111111111111000000000000000000000000
00000000000000000000000000000111111111111111111111111111000000000000000000000001111111111111111111111111000000000000000000000000
00000000000000000000000000001111111111111111111111111111110000000000000000000000111111111111111111111111000000000000000000000000
00000000000000000000000000011111111111111111111111111111110000000000000000000001111111111111111111111110000000000000000000000000
00000000000000000000000000111111111111111111111111111111111000000000000000000001111111111111111111111110000000000000000000000000
00000000000000000000000001111111111111111111111111111111111000000000000000000001111111111111111111111100000000000000000000000000
00000000000000000000000011111111111111111111111111111111111000000000000000000011111111111111111111111100000000000000000000000000
00000000000000000000000011111111111111111111111111111111111100000000000000000011111111111111111111111000000000000000000000000000
00000000000000000000000111111111111110001111111111111111111100000000000000000111111111111111111111111000000000000000000000000000
00000000000000000000000111111111111000000111111111111111111110000000000000000111111111111111111111111000000000000000000000000000
00000000000000000000000111111111111000000111111111111111111110000000000000000111111111111111111111110000000000000000000000000000
00000000000000000000000111111111111000000011111111111111111110000000000000000111111111111111111111110000000000000000000000000000
00000000000000000000000111111111111000000011111111111111111110000000000000011111111111111111111111110000000000000000000000000000
00000000000000000000000111111111111000000011111111111111111110000000000000011111111111111111111111110000000000000000000000000000
00000000000000000000001111111111111000000011111111111111111110000000000000011111111111111111111111110000000000000000000000000000
00000000000000000000000111111111111000000011111111111111111110000000000000111111111111111111111111110000000000000000000000000000
00000000000000000000000111111111111100000111111111111111111110000000000001111111111111111111111111100000000000000000000000000000
00000000000000000000001111111111111110000111111111111111111110000000000001111111111111111111111111100000000000000000000000000000
00000000000000000000001111111111111111100111111111111111111110000000000001111111111111111111111111100000000000000000000000000000
00000000000000000000000111111111111111111111111111111111111110000000000011111111111111111111111111000000000000000000000000000000
00000000000000000000000111111111111111111111111111111111111110000000000011111111111111111111111111000000000000000000000000000000
00000000000000000000000111111111111111111111111111111111111110000000000111111111111111111111111111000000000000000000000000000000
00000000000000000000000111111111111111111111111111111111111110000000000111111111111111111111111111000000000000000000000000000000
00000000000000000000000111111111111111111111111111111111111110000000011111111111111111111111111110000000000000000000000000000000
00000000000000000000000111111111111111111111111111111111111110000011111111111111111111111111111110000000000000000000000000000000
00000000000000000000000011111111111111111111111111111111111111111111111111111111111111111111111100000000000000000000000000000000
00000000000000000000000011111111111111111111111111111111111111111111111111111111111111111111111100000000000000000000000000000000
00000000000000000000000011111111111111111111111111111111111111111111111111111111111111111111111000000000000000000000000000000000
00000000000000000000000011111111111111111111111111111111111111111111111111111111111111111111111000000000000000000000000000000000
00000000000000000000000011111111111111111111111111111111111111111111111111111111111111111111110000000000000000000000000000000000
00000000000000000000000011111111111111111111111111111111111111111111111111111111111111111111100000000000000000000000000000000000
00000000000000000000000001111111111111111111111111111111111111111111111111111111111111111111000000000000000000000000000000000000
00000000000000000000000001111111111111111111111111111111111111111111111111111111111111111110000000000000000000000000000000000000
00000000000000000000000001111111111111111111111111111111111111111111111111111111111111111110000000000000000000000000000000000000
00000000000000000000000001111111111111111111111111111111111111111111111111111111111111111000000000000000000000000000000000000000
00000000000000000000000000111111111111111111111111111111111111111111111111111111111111110000000000000000000000000000000000000000
00000000000000000000000000011111111111111111111111111111111111111111111111111111111111000000000000000000000000000000000000000000
00000000000000000000000000001111111111111111111111111111111111111111111111111111111110000000000000000000000000000000000000000000
00000000000000000000000000000011111111111111111111111111111111111111111111111111111000000000000000000000000000000000000000000000
00000000000000000000000000000001111111111111111111111111111111111111111111111111110000000000000000000000000000000000000000000000
00000000000000000000000000000001111111111111111111111111111111111111111111111111000000000000000000011000000000000000000000000000
00000000000000000000000000000011111111111111111111111111111111111111111111111100000000000000000011111111111100000000000000000000
00000000000000000000000000001111111111111111111111111111111111111111111111100000000000000000001111111111111111000000000000000000
00000000000000000000000000001111111111111111111111111111111111111111111110000000000000000000111111111111111111100000000000000000
00000000000000000000000000011111111111111111111111111111111111111111111000000000000000000001111111111111111111100000000000000000
00000000000000000000000000111111111111111111111111111111111111111110000000000000000000000011111111111111111111100000000000000000
00000000000000000000000000111111111111111111111111111111000010000000000000000000000000000111111111111111111111100000000000000000
00000000000000000000000000111111111111111111111111111111000000000000000000000000000000001111111111111111111111100000000000000000
00000000000000000000000001111111111111111111111111111110000000000000000000000000000000001111111111111111111111110000000000000000
00000000000000000000000001111111111111111111111111111110000000000000000000000000000000001111111111111111111111110000000000000000
00000000000000000000000011111111111111111111111111111110000000000000000000000000000000011111111111111111111111111000000000000000
00000000000000000000000011111111111111111111111111111100000000000000000000000000000000111111111111111111111111111000000000000000
00000000000000000000000011111111111111111111111111111100000000000000000000000000000001111111111111111111111111110000000000000000
00000000000000000000000111111111111111111111111111110000000000000000000000000000000001111111111111111111111111110000000000000000
00000000000000000000000111111111111111111111111111100000000000000000000000000000000001111111111111111111111111110000000000000000
00000000000000000000000111111111111111111111111111100000000000000000000000000000000011111111111111111111111111110000000000000000
00000000000000000000001111111111111111111111111111000000000000000000000000000000000011111111111111111111111111110000000000000000
00000000000000000000001111111111111111111111111111000000000000000000000000000000000011111111111111111111111111110000000000000000
00000000000000000000001111111111111111111111111111000000000000000000000000000000000011111111111111111111111111110000000000000000
00000000000000000000001111111111111111111111111110000000000000000000000000000000000011111111111111111100000000000000000000000000
00000000000000000000001111111111111111111111111100000000000000000000000000000000000111111111111111110000000000000000000000000000
00000000000000000000001111111111111111111111111100000000000000000000000000000000000111111111111111110000000000000000000000000000
00000000000000000000001111111111111111111111111100000000000000000000000000000000000111111111111111110000000000000000000000000000
00000000000000000000001111111111111111111111111100000000000000000000000000000000000111111111111111110000000000000000000000000000
00000000000000000000001111111111111111111111111000000000000000000000000000000000000111111111111111110000000000000000000000000000
00000000000000000000001111111111111111111111111000000000000000000000000000000000000111111111111111110000000000000000000000000000
00000000000000000000001111111111111111111111110000000000000000000000000000000000000111111111111111110000000000000000000000000000
00000000000000000000011111111111111111111111110000000000000000000000000000000000001111111111111111110000000000000000000000000000
00000000000000000000011111111111111111111111100000000000000000000000000000000000001111111111111111110000000000000000000000000000
00000000000000000000011111111111111111111111100000000000000000000000000000000000001111111111111111110000000000000000000000000000
00000000000000000000011111111111111111111111000000000000000000000000000000000000001111111111111111110000000000000000000000000000
00000000000000000000011111111111111111111111000000000000000000000000000000000000001111111111111111110000000000000000000000000000
00000000000000000000111111111111111111111110000000000000000000000000000000000000001111111111111111110000000000000000000000000000
00000000000000000000111111111111111111111110000000000000000000000000000000000000001111111111111111110000000000000000000000000000
00000000000000000000111111111111111111111110000000000000000000000000000000000000001111111111111111110000000000000000000000000000
00000000000000000000111111111111111111111110000000000000000000000000000000000000001111111111111111110000000000000000000000000000
00000000000000000000111111111111111111111111000000000000000000000000000000000000001111111111111111110000000000000000000000000000
00000000000000000000111111111111111111111111100000000000000000000000000000000000001111111111111111110000000000000000000000000000
00000000000000000000111111111111111111111111111000000000000000000000000000000000001111111111111111110000000000000000000000000000
00000000000000000000111111111111111111111111111100000000000000000000000000000000001111111111111111111000000000000000000000000000
00000000000000000000111111111111111111111111111111000000000000000000000000000000001111111111111111111000000000000000000000000000
00000000000000000000111111111111111111111111111111111000000000000000000000000000001111111111111111111100000000000000000000000000
00000000000000000000111111111111111111111111111111111110000000000000000000000000111111111111111111111100000000000000000000000000
00000000000000000001111111111111111111111111111111111111111111111000000011111111111111111111111111111100000000000000000000000000
00000000000000000001111111111111111111111111111111111111111111111111111111111111111111111111111111111110000000000000000000000000
00000000000000000001111111111111111111111111111111111111111111111111111111111111111111111111111111111110000000000000000000000000
00000000000000000001111111111111111111111111111111111111111111111111111111111111111111111111111111111110000000000000000000000000
00000000000000000001111111111111111111111111111111111111111111111111111111111111111111111111111111111111000000000000000000000000
00000000000000000001111111111111111111111111111111111111111111111111111111111111111111111111111111111111000000000000000000000000
00000000000000000001111111111111111111111111111111111111111111111111111111111111111111111111111111111111000000000000000000000000
00000000000000000001111111111111111111111111111111111111111111111111111111111111111111111111111111111111000000000000000000000000
00000000000000000000111111111111111111111111111111111111111111111111111111111111111111111111111111111111000000000000000000000000
00000000000000000000111111111111111111111111111111111111111111111111111111111111111111111111111111111111000000000000000000000000
00000000000000000000111111111111111111111111111111111111111111111111111111111111111111111111111111111111000000000000000000000000
00000000000000000000111111111111111111111111111111111111111111111111111111111111111111111111111111111111000000000000000000000000
00000000000000000000011111111111111111111111111111111111111111111111111111111111111111111111111111111111000000000000000000000000
00000000000000000000011111111111111111111111111111111111111111111111111111111111111111111111111111111111000000000000000000000000
00000000000000000000011111111111111111111111111111111111111111111111111111111111111111111111111111111111000000000000000000000000
00000000000000000000001111111111111111111111111111111111111111111111111111111111111111111111111111111111000000000000000000000000
00000000000000000000000111111111111111111111111111111111111111111111111111111111111111111111111111111110000000000000000000000000
00000000000000000000000011111111111111111111111111111111111111111111111111111111111111111111111111111100000000000000000000000000
00000000000000000000000000111111111111111111111111111111111111111111111111111111111111111111111111111000000000000000000000000000
00000000000000000000000000000111111111111111111111111111111111111111111111111111111111111111111111000000000000000000000000000000
00000000000000000000000000000000111111111111111111111111111111111111111111111111111111111111111100000000000000000000000000000000
00000000000000000000000000000000000011111111111111111111111111111111111111111111111111111111100000000000000000000000000000000000
00000000000000000000000000000000000000011111111111111111111111111111111111111111111111111000000000000000000000000000000000000000
00000000000000000000000000000000000000000000011111111111111111111111111111111111111100000000000000000000000000000000000000000000
00000000000000000000000000000000000000000000000000000000000100000000000000000100000000000000000000000000000000000000000000000000
00000000000000000000000000000000000000000000000000000000000000000000000000000000000000000000000000000000000000000000000000000000
00000000000000000000000000000000000000000000000000000000000000000000000000000000000000000000000000000000000000000000000000000000
00000000000000000000000000000000000000000000000000000000000000000000000000000000000000000000000000000000000000000000000000000000
00000000000000000000000000000000000000000000000000000000000000000000000000000000000000000000000000000000000000000000000000000000
