00000000000000000000000000000000000000000000000000000000000000000000000000000000000000000000000000000000000000000000000000000000
00000000000000000000000000000000000000000000000000000000000000000000000000000000000000000000000000000000000000000000000000000000
00000000000000000000000000000000001111111111110000000000000000000000000000000000000000000000000011111111111100000000000000000000
00000000000000000000000000001111111111111111111110000000000000000000000000000000000000000000011111111111111100000000000000000000
00000000000000000000000000001111111111111111111111000000000000000000000000000000000000000000011111111111111100000000000000000000
00000000000000000000000000011111111111111111111111100000000000000000000000000000000000000000111111111111111110000000000000000000
00000000000000000000000000111111111111111111111111110000000000000000000000000000000000000011111111111111111110000000000000000000
00000000000000000000000011111111111111111111111111110000000000000000000000000000000000000011111111111111111110000000000000000000
00000000000000000000000111111111111111111111111111111100000000000000000000000000000000000111111111111111111110000000000000000000
00000000000000000000001111111111111111111111111111111111000000000000000000000000000000001111111111111111111110000000000000000000
00000000000000000000001111111111111111111111111111111111000000000000000000000000000000111111111111111111111110000000000000000000
00000000000000000000011111111111111111111111111111111111100000000000000000000000000001111111111111111111111110000000000000000000
00000000000000000000011111111111111111111111111111111111110000000000000000000000000011111111111111111111111111000000000000000000
00000000000000000000011111111111111111111111111111111111111100000000000000000000001111111111111111111111111111000000000000000000
00000000000000000000111111111111111111111111111111111111111110000000000000000000011111111111111111111111111111100000000000000000
00000000000000000000011111111111111111111111111111111111111110000000000000000000111111111111111111111111111111000000000000000000
00000000000000000000111111111111100000011111111111111111111110000000000000000000111111111111111111111111111111000000000000000000
00000000000000000000111111111111100000000111111111111111111110000000000000000001111111111111111111111111111110000000000000000000
00000000000000000000111111111111100000000111111111111111111110000000000000000011111111111111111111111111111000000000000000000000
00000000000000000000111111111111110000000111111111111111111110000000000000000111111111111111111111111111110000000000000000000000
00000000000000000001111111111111111100000011111111111111111110000000000000000111111111111111111111111111100000000000000000000000
00000000000000000001111111111111111111000011111111111111111110000000000000001111111111111111111111111111000000000000000000000000
00000000000000000001111111111111111111110011111111111111111110000000000000001111111111111111111111111110000000000000000000000000
00000000000000000001111111111111111111111111111111111111111110000000000000111111111111111111111111111100000000000000000000000000
00000000000000000011111111111111111111111111111111111111111110000000000001111111111111111111111111111000000000000000000000000000
00000000000000000001111111111111111111111111111111111111111110000000000011111111111111111111111111100000000000000000000000000000
00000000000000000001111111111111111111111111111111111111111110000000011111111111111111111111111111000000000000000000000000000000
00000000000000000001111111111111111111111111111111111111111110000111111111111111111111111111111111000000000000000000000000000000
00000000000000000001111111111111111111111111111111111111111111111111111111111111111111111111111110000000000000000000000000000000
00000000000000000001111111111111111111111111111111111111111111111111111111111111111111111111111100000000000000000000000000000000
00000000000000000001111111111111111111111111111111111111111111111111111111111111111111111111111000000000000000000000000000000000
00000000000000000011111111111111111111111111111111111111111111111111111111111111111111111111110000000000000000000000000000000000
00000000000000000001111111111111111111111111111111111111111111111111111111111111111111111111000000000000000000000000000000000000
00000000000000000001111111111111111111111111111111111111111111111111111111111111111111111110000000000000000000000000000000000000
00000000000000000000111111111111111111111111111111111111111111111111111111111111111111111100000000000000000000000000000000000000
00000000000000000000111111111111111111111111111111111111111111111111111111111111111111100000000000000000000000000000000000000000
00000000000000000000011111111111111111111111111111111111111111111111111111111111111111100000000000000000000000000000000000000000
00000000000000000000001111111111111111111111111111111111111111111111111111111111111110000000000000000000000000000000000000000000
00000000000000000000000111111111111111111111111111111111111111111111111111111111111110000000000000000000000000000000000000000000
00000000000000000000000011111111111111111111111111111111111111111111111111111111111110000000000000000000000000000000000000000000
00000000000000000000000011111111111111111111111111111111111111111111111111111111110000000000000000000000000000000000000000000000
00000000000000000000000000011111111111111111111111111111111111111111111111111111110000000000000000000000000000000000000000000000
00000000000000000000000000011111111111111111111111111111111111111111111111111111100000000000000000000000000000000000000000000000
00000000000000000000000000011111111111111111111111111111111111111111111111111110000000000000000000000000000000000000000000000000
00000000000000000000000000001111111111111111111111111111111111111111111111111100000000000000000000000000000000000000000000000000
00000000000000000000000000000111111111111111111111111111111111111111111111111000000000000000000000000000000000000000000000000000
00000000000000000000000000000000111111111111111111111111111111111111111111100000000000000000000000000000000000000000000000000000
00000000000000000000000000000000000111111111111111111111111111111111111111100000000000000000000000000000000000000000000000000000
00000000000000000000000000000000000000111111111111111111111111111111111110000000000000000000000000000000000000000000000000000000
00000000000000000000000000000000000000011111111111111111111111111111111100000000000000000000000000000000000000000000000000000000
00000000000000000000000000000000000000011111111111111111111111111111100000000000000000000000000000000010000000000000000000000000
00000000000000000000000000000000000000111111111111111111110000000000000000000000000000000000000001111111110000000000000000000000
00000000000000000000000000000000000000111111111111111111110000000000000000000000000000000000000111111111111000000000000000000000
00000000000000000000000000000000000000111111111111111111110000000000000000000000000000000000001111111111111100000000000000000000
00000000000000000000000000000000000000111111111111111111110000000000000000000000000000000000011111111111111100000000000000000000
00000000000000000000000000000000000001111111111111111111110000000000000000000000000000000000111111111111111100000000000000000000
00000000000000000000000000000000000001111111111111111111110000000000000000000000000000000001111111111111111110000000000000000000
00000000000000000000000000000000000001111111111111111111110000000000000000000000000000000011111111111111111110000000000000000000
00000000000000000000000000000000000001111111111111111111110000000000000000000000000000000111111111111111111110000000000000000000
00000000000000000000000000000000000011111111111111111111110000000000000000000000000000001111111111111111111110000000000000000000
00000000000000000000000000000000000011111111111111111111110000000000000000000000000000001111111111111111111110000000000000000000
00000000000000000000000000000000000111111111111111111111110000000000000000000000000000011111111111111111111110000000000000000000
00000000000000000000000000000000000111111111111111111111110000000000000000000000000000011111111111111111111110000000000000000000
00000000000000000000000000000000000111111111111111111111100000000000000000000000000000111111111111111111111110000000000000000000
00000000000000000000000000000000001111111111111111111111000000000000000000000000000000111111111111111111111110000000000000000000
00000000000000000000000000000000001111111111111111111111000000000000000000000000000000111111111111111111111100000000000000000000
00000000000000000000000000000000011111111111111111111111000000000000000000000000000001111111111111111111100000000000000000000000
00000000000000000000000000000000111111111111111111111111000000000000000000000000000001111111111111111111000000000000000000000000
00000000000000000000000000000000111111111111111111111111000000000000000000000000000001111111111111111111000000000000000000000000
00000000000000000000000000000000111111111111111111111110000000000000000000000000000011111111111111111110000000000000000000000000
00000000000000000000000000000001111111111111111111111110000000000000000000000000000011111111111111111100000000000000000000000000
00000000000000000000000000000001111111111111111111111110000000000000000000000000000011111111111111111100000000000000000000000000
00000000000000000000000000000001111111111111111111111100000000000000000000000000000011111111111111111100000000000000000000000000
00000000000000000000000000000011111111111111111111111100000000000000000000000000000011111111111111111100000000000000000000000000
00000000000000000000000000000011111111111111111111111100000000000000000000000000000011111111111111111100000000000000000000000000
00000000000000000000000000000111111111111111111111111100000000000000000000000000000011111111111111111100000000000000000000000000
00000000000000000000000000000111111111111111111111111100000000000000000000000000000011111111111111111100000000000000000000000000
00000000000000000000000000001111111111111111111111111000000000000000000000000000000011111111111111111100000000000000000000000000
00000000000000000000000000001111111111111111111111111000000000000000000000000000000011111111111111111100000000000000000000000000
00000000000000000000000000111111111111111111111111111000000000000000000000000000000011111111111111111100000000000000000000000000
00000000000000000000000000111111111111111111111111111000000000000000000000000000000111111111111111111100000000000000000000000000
00000000000000000000000000111111111111111111111111110000000000000000000000000000000111111111111111111100000000000000000000000000
00000000000000000000000000111111111111111111111111110000000000000000000000000000000111111111111111111100000000000000000000000000
00000000000000000000000000111111111111111111111111110000000000000000000000000000000111111111111111111100000000000000000000000000
00000000000000000000000000111111111111111111111111110000000000000000000000000000001111111111111111111110000000000000000000000000
00000000000000000000000000111111111111111111111111100000000000000000000000000000001111111111111111111100000000000000000000000000
00000000000000000000000000111111111111111111111111100000000000000000000000000000001111111111111111111100000000000000000000000000
00000000000000000000000001111111111111111111111111100000000000000000000000000000001111111111111111111100000000000000000000000000
00000000000000000000000011111111111111111111111111100000000000000000000000000000001111111111111111111110000000000000000000000000
00000000000000000000000011111111111111111111111110000000000000000000000000000000001111111111111111111100000000000000000000000000
00000000000000000000000011111111111111111111111110000000000000000000000000000000001111111111111111111100000000000000000000000000
00000000000000000000000111111111111111111111111110000000000000000000000000000000001111111111111111111100000000000000000000000000
00000000000000000000000111111111111111111111111110000000000000000000000000000000001111111111111111111100000000000000000000000000
00000000000000000000000111111111111111111111111100000000000000000000000000000000001111111111111111111100000000000000000000000000
00000000000000000000000111111111111111111111111100000000000000000000000000000000001111111111111111111100000000000000000000000000
00000000000000000000001111111111111111111111111100000000000000000000000000000000001111111111111111111100000000000000000000000000
00000000000000000000001111111111111111111111111100000000000000000000000000000000001111111111111111111100000000000000000000000000
00000000000000000000001111111111111111111111111100000000000000000000000000000000011111111111111111111100000000000000000000000000
00000000000000000000001111111111111111111111111111000000000000000000000000000000111111111111111111111000000000000000000000000000
00000000000000000000001111111111111111111111111111100000000000000000000000000111111111111111111111111000000000000000000000000000
00000000000000000000001111111111111111111111111111111100000000000000000000111111111111111111111111111000000000000000000000000000
00000000000000000000001111111111111111111111111111111111100000000000000011111111111111111111111111111000000000000000000000000000
00000000000000000000001111111111111111111111111111111111111111111111111111111111111111111111111111111000000000000000000000000000
00000000000000000000011111111111111111111111111111111111111111111111111111111111111111111111111111111000000000000000000000000000
00000000000000000000001111111111111111111111111111111111111111111111111111111111111111111111111111111000000000000000000000000000
00000000000000000000011111111111111111111111111111111111111111111111111111111111111111111111111111111000000000000000000000000000
00000000000000000000001111111111111111111111111111111111111111111111111111111111111111111111111111111000000000000000000000000000
00000000000000000000001111111111111111111111111111111111111111111111111111111111111111111111111111111100000000000000000000000000
00000000000000000000001111111111111111111111111111111111111111111111111111111111111111111111111111111000000000000000000000000000
00000000000000000000000111111111111111111111111111111111111111111111111111111111111111111111111111111000000000000000000000000000
00000000000000000000000111111111111111111111111111111111111111111111111111111111111111111111111111111000000000000000000000000000
00000000000000000000000011111111111111111111111111111111111111111111111111111111111111111111111111111000000000000000000000000000
00000000000000000000000001111111111111111111111111111111111111111111111111111111111111111111111111110000000000000000000000000000
00000000000000000000000001111111111111111111111111111111111111111111111111111111111111111111111111100000000000000000000000000000
00000000000000000000000000111111111111111111111111111111111111111111111111111111111111111111111111000000000000000000000000000000
00000000000000000000000000011111111111111111111111111111111111111111111111111111111111111111111110000000000000000000000000000000
00000000000000000000000000001111111111111111111111111111111111111111111111111111111111111111111100000000000000000000000000000000
00000000000000000000000000000111111111111111111111111111111111111111111111111111111111111111111000000000000000000000000000000000
00000000000000000000000000000011111111111111111111111111111111111111111111111111111111111111100000000000000000000000000000000000
00000000000000000000000000000001111111111111111111111111111111111111111111111111111111111111100000000000000000000000000000000000
00000000000000000000000000000000111111111111111111111111111111111111111111111111111111111111000000000000000000000000000000000000
00000000000000000000000000000000000001111111111111111111111111111111111111111111111111111000000000000000000000000000000000000000
00000000000000000000000000000000000000111111111111111111111111111111111111111111111111110000000000000000000000000000000000000000
00000000000000000000000000000000000000000011111111111111111111111111111111111111111110000000000000000000000000000000000000000000
00000000000000000000000000000000000000000000001111111111111111111111111111111111111000000000000000000000000000000000000000000000
00000000000000000000000000000000000000000000000000000011111111111111000000000001000000000000000000000000000000000000000000000000
00000000000000000000000000000000000000000000000000000000000000000000000000000000000000000000000000000000000000000000000000000000
00000000000000000000000000000000000000000000000000000000000000000000000000000000000000000000000000000000000000000000000000000000
