00000000000000000000000000000000000000000000000000000000000000000000000000000000000000000000000000000000000000000000000000000000
00000000000000000000000000000000000000000000000000000000000000000000000000000000000000000000000000000000000000000000000000000000
00000000000000000000000000000000000000000000000000000000000000000000000000000000000000000000000000000000000000000000000000000000
00000000000000000000000000000000000000000000000000000000000000000000000000000000000000000000000000000000110000000000000000000000
00000000000000000000000000000000000100000000000000000000000000000000000000000000000000000000000000010111111100000000000000000000
00000000000000000000000000000011111111111111111111000000000000000000000000000000000000000000000111111111111111000000000000000000
00000000000000000000000000001111111111111111111111100000000000000000000000000000000000000000111111111111111111000000000000000000
00000000000000000000000000011111111111111111111111110000000000000000000000000000000000000011111111111111111111000000000000000000
00000000000000000000000001111111111111111111111111111000000000000000000000000000000000001111111111111111111111100000000000000000
00000000000000000000000011111111111111111111111111111110000000000000000000000000000000011111111111111111111111100000000000000000
00000000000000000000000011111111111111111111111111111111000000000000000000000000000000111111111111111111111111100000000000000000
00000000000000000000000011111111111111111111111111111111000000000000000000000000000001111111111111111111111111100000000000000000
00000000000000000000000111111111111111111111111111111111000000000000000000000000000011111111111111111111111111100000000000000000
00000000000000000000000111111111111111111111111111111111100000000000000000000000000111111111111111111111111111100000000000000000
00000000000000000000000111111111111111111111111111111111110000000000000000000000011111111111111111111111111111100000000000000000
00000000000000000000001111111111111111111111111111111111110000000000000000000000111111111111111111111111111111100000000000000000
00000000000000000000001111111111111111100001111111111111110000000000000000000000111111111111111111111111111111100000000000000000
00000000000000000000011111111111111111000000111111111111110000000000000000000000111111111111111111111111111111100000000000000000
00000000000000000000011111111111111111000000011111111111110000000000000000000001111111111111111111111111111111100000000000000000
00000000000000000000011111111111111111000000011111111111110000000000000000000001111111111111111111111111111111000000000000000000
00000000000000000000111111111111111111000000011111111111110000000000000000000011111111111111111111111111111110000000000000000000
00000000000000000000111111111111111111000000011111111111100000000000000000000111111111111111111111111111110000000000000000000000
00000000000000000000111111111111111111100000011111111111100000000000000000001111111111111111111111111110000000000000000000000000
00000000000000000000111111111111111111110000011111111111110000000000000000011111111111111111111111110000000000000000000000000000
00000000000000000000111111111111111111111100011111111111110000000000000001111111111111111111111111100000000000000000000000000000
00000000000000000001111111111111111111111110011111111111110000000000000001111111111111111111111110000000000000000000000000000000
00000000000000000000111111111111111111111111111111111111100000000000000001111111111111111111111100000000000000000000000000000000
00000000000000000000111111111111111111111111111111111111100000000000000011111111111111111111111100000000000000000000000000000000
00000000000000000000111111111111111111111111111111111111100000000000000111111111111111111111111000000000000000000000000000000000
00000000000000000000111111111111111111111111111111111111100000000000000111111111111111111111111000000000000000000000000000000000
00000000000000000000111111111111111111111111111111111111100000000000011111111111111111111111110000000000000000000000000000000000
00000000000000000000111111111111111111111111111111111111110000000001111111111111111111111111110000000000000000000000000000000000
00000000000000000001111111111111111111111111111111111111100000000111111111111111111111111111100000000000000000000000000000000000
00000000000000000000111111111111111111111111111111111111110000001111111111111111111111111111000000000000000000000000000000000000
00000000000000000000111111111111111111111111111111111111111111111111111111111111111111111111000000000000000000000000000000000000
00000000000000000000111111111111111111111111111111111111111111111111111111111111111111111111000000000000000000000000000000000000
00000000000000000000111111111111111111111111111111111111111111111111111111111111111111111110000000000000000000000000000000000000
00000000000000000000011111111111111111111111111111111111111111111111111111111111111111111110000000000000000000000000000000000000
00000000000000000000011111111111111111111111111111111111111111111111111111111111111111111110000000000000000000000000000000000000
00000000000000000000011111111111111111111111111111111111111111111111111111111111111111111100000000000000000000000000000000000000
00000000000000000000001111111111111111111111111111111111111111111111111111111111111111111000000000000000000000000000000000000000
00000000000000000000001111111111111111111111111111111111111111111111111111111111111111111000000000000000000000000000000000000000
00000000000000000000000111111111111111111111111111111111111111111111111111111111111111110000000000000000000000000000000000000000
00000000000000000000000011111111111111111111111111111111111111111111111111111111111111000000000000000000000000000000000000000000
00000000000000000000000011111111111111111111111111111111111111111111111111111111111110000000000000000000000000000000000000000000
00000000000000000000000000111111111111111111111111111111111111111111111111111111111100000000000000000000000000000000000000000000
00000000000000000000000000011111111111111111111111111111111111111111111111111111110000000000000000000000000000000000000000000000
00000000000000000000000000001111111111111111111111111111111111111111111111111111100000000000000000000000000000000000000000000000
00000000000000000000000000000011111111111111111111111111111111111111111111111111000000000000000000000000000000000000000000000000
00000000000000000000000000000000111111111111111111111111111111111111111111111110000000000000000000000000000000000000000000000000
00000000000000000000000000000000111111111111111111111111111111111111111110110000000000000000000000000011111100000000000000000000
00000000000000000000000000000000111111111111111111111111111111111111110000000000000000000000000000000111111100000000000000000000
00000000000000000000000000000001111111111111111111000000000000001000000000000000000000000000000000011111111110000000000000000000
00000000000000000000000000000011111111111111111110000000000000000000000000000000000000000000000000111111111111000000000000000000
00000000000000000000000000000011111111111111111110000000000000000000000000000000000000000000000011111111111111000000000000000000
00000000000000000000000000000111111111111111111100000000000000000000000000000000000000000000000111111111111111000000000000000000
00000000000000000000000000001111111111111111111100000000000000000000000000000000000000000000001111111111111111000000000000000000
00000000000000000000000000011111111111111111111000000000000000000000000000000000000000000000011111111111111111000000000000000000
00000000000000000000000000111111111111111111110000000000000000000000000000000000000000000000111111111111111111000000000000000000
00000000000000000000000000111111111111111111110000000000000000000000000000000000000000000011111111111111111111000000000000000000
00000000000000000000000001111111111111111111100000000000000000000000000000000000000000000111111111111111111111000000000000000000
00000000000000000000000011111111111111111111100000000000000000000000000000000000000000001111111111111111111111000000000000000000
00000000000000000000000011111111111111111111000000000000000000000000000000000000000000001111111111111111111111000000000000000000
00000000000000000000000111111111111111111110000000000000000000000000000000000000000000011111111111111111111110000000000000000000
00000000000000000000000111111111111111111110000000000000000000000000000000000000000000111111111111111111111110000000000000000000
00000000000000000000001111111111111111111100000000000000000000000000000000000000000000111111111111111110000000000000000000000000
00000000000000000000001111111111111111111100000000000000000000000000000000000000000001111111111111111100000000000000000000000000
00000000000000000000011111111111111111111100000000000000000000000000000000000000000001111111111111111100000000000000000000000000
00000000000000000000011111111111111111111000000000000000000000000000000000000000000011111111111111111000000000000000000000000000
00000000000000000000111111111111111111111000000000000000000000000000000000000000000011111111111111111000000000000000000000000000
00000000000000000000111111111111111111111000000000000000000000000000000000000000000111111111111111110000000000000000000000000000
00000000000000000001111111111111111111110000000000000000000000000000000000000000000111111111111111100000000000000000000000000000
00000000000000000001111111111111111111110000000000000000000000000000000000000000000111111111111111100000000000000000000000000000
00000000000000000001111111111111111111100000000000000000000000000000000000000000000111111111111111100000000000000000000000000000
00000000000000000011111111111111111111100000000000000000000000000000000000000000000111111111111111100000000000000000000000000000
00000000000000000011111111111111111111100000000000000000000000000000000000000000001111111111111111000000000000000000000000000000
00000000000000000111111111111111111111000000000000000000000000000000000000000000011111111111111111000000000000000000000000000000
00000000000000000111111111111111111111000000000000000000000000000000000000000000111111111111111111000000000000000000000000000000
00000000000000000111111111111111111111000000000000000000000000000000000000000000111111111111111111000000000000000000000000000000
00000000000000001111111111111111111100000000000000000000000000000000000000000000111111111111111111000000000000000000000000000000
00000000000000001111111111111111111100000000000000000000000000000000000000000000111111111111111111000000000000000000000000000000
00000000000000001111111111111111111000000000000000000000000000000000000000000001111111111111111111000000000000000000000000000000
00000000000000001111111111111111111000000000000000000000000000000000000000000011111111111111111111000000000000000000000000000000
00000000000000011111111111111111110000000000000000000000000000000000000000000011111111111111111111000000000000000000000000000000
00000000000000011111111111111111110000000000000000000000000000000000000000000011111111111111111111000000000000000000000000000000
00000000000000011111111111111111110000000000000000000000000000000000000000000111111111111111111111000000000000000000000000000000
00000000000000111111111111111111110000000000000000000000000000000000000000000111111111111111111111000000000000000000000000000000
00000000000000111111111111111111110000000000000000000000000000000000000000001111111111111111111111000000000000000000000000000000
00000000000000111111111111111111100000000000000000000000000000000000000000001111111111111111111110000000000000000000000000000000
00000000000001111111111111111111100000000000000000000000000000000000000000011111111111111111111110000000000000000000000000000000
00000000000001111111111111111111100000000000000000000000000000000000000000011111111111111111111110000000000000000000000000000000
00000000000001111111111111111111100000000000000000000000000000000000000000011111111111111111111110000000000000000000000000000000
00000000000001111111111111111111100000000000000000000000000000000000000000111111111111111111111110000000000000000000000000000000
00000000000001111111111111111111111100000000000000000000000000000000000000111111111111111111111100000000000000000000000000000000
00000000000001111111111111111111111111000000000000000000000000000000000000111111111111111111111100000000000000000000000000000000
00000000000001111111111111111111111111111000000000000000000000000000000001111111111111111111111100000000000000000000000000000000
00000000000001111111111111111111111111111111100000000000000000000000000001111111111111111111111100000000000000000000000000000000
00000000000001111111111111111111111111111111111000000000000000000000000001111111111111111111111100000000000000000000000000000000
00000000000001111111111111111111111111111111111110000000000000000000000011111111111111111111111100000000000000000000000000000000
00000000000001111111111111111111111111111111111111100000000000000000000011111111111111111111111100000000000000000000000000000000
00000000000001111111111111111111111111111111111111111110100000000000000011111111111111111111111100000000000000000000000000000000
00000000000001111111111111111111111111111111111111111111111111111111111111111111111111111111111000000000000000000000000000000000
00000000000001111111111111111111111111111111111111111111111111111111111111111111111111111111111000000000000000000000000000000000
00000000000001111111111111111111111111111111111111111111111111111111111111111111111111111111111000000000000000000000000000000000
00000000000001111111111111111111111111111111111111111111111111111111111111111111111111111111111000000000000000000000000000000000
00000000000000111111111111111111111111111111111111111111111111111111111111111111111111111111111000000000000000000000000000000000
00000000000000111111111111111111111111111111111111111111111111111111111111111111111111111111111000000000000000000000000000000000
00000000000000111111111111111111111111111111111111111111111111111111111111111111111111111111111000000000000000000000000000000000
00000000000000111111111111111111111111111111111111111111111111111111111111111111111111111111111000000000000000000000000000000000
00000000000000111111111111111111111111111111111111111111111111111111111111111111111111111111111000000000000000000000000000000000
00000000000000011111111111111111111111111111111111111111111111111111111111111111111111111111111000000000000000000000000000000000
00000000000000011111111111111111111111111111111111111111111111111111111111111111111111111111111000000000000000000000000000000000
00000000000000001111111111111111111111111111111111111111111111111111111111111111111111111111111000000000000000000000000000000000
00000000000000001111111111111111111111111111111111111111111111111111111111111111111111111111111000000000000000000000000000000000
00000000000000000011111111111111111111111111111111111111111111111111111111111111111111111111100000000000000000000000000000000000
00000000000000000001111111111111111111111111111111111111111111111111111111111111111111111111100000000000000000000000000000000000
00000000000000000000111111111111111111111111111111111111111111111111111111111111111111111111100000000000000000000000000000000000
00000000000000000000001111111111111111111111111111111111111111111111111111111111111111111111100000000000000000000000000000000000
00000000000000000000000111111111111111111111111111111111111111111111111111111111111111111111000000000000000000000000000000000000
00000000000000000000000001111111111111111111111111111111111111111111111111111111111111111110000000000000000000000000000000000000
00000000000000000000000000000000111111111111111111111111111111111111111111111111111111111000000000000000000000000000000000000000
00000000000000000000000000000000000011111111111111111111111111111111111111111111111100000000000000000000000000000000000000000000
00000000000000000000000000000000000000011111111111111111111111111111111111111111000000000000000000000000000000000000000000000000
00000000000000000000000000000000000000000000001111111111111111111111111111111000000000000000000000000000000000000000000000000000
00000000000000000000000000000000000000000000000000000000000000100000000000000000000000000000000000000000000000000000000000000000
00000000000000000000000000000000000000000000000000000000000000000000000000000000000000000000000000000000000000000000000000000000
00000000000000000000000000000000000000000000000000000000000000000000000000000000000000000000000000000000000000000000000000000000
00000000000000000000000000000000000000000000000000000000000000000000000000000000000000000000000000000000000000000000000000000000
