00000000000000000000000000000000000000000000000000000000000000000000000000000000000000000000000000000000000000000000000000000000
00000000000000000000000000000000000000000000000000000000000000000000000000000000000000000000000000000000000000000000000000000000
00000000000000000000000000000000000000000000000000000000000000000000000000000000000000000000000000000000000000000000000000000000
00000000000000000000000000000000000000000000000000000000000000000000000000000000000000000000000000000000000000000000000000000000
00000000000000000000000000000000000000000000000000000000000000000000000000000000100000000000000000000000000000000000000000000000
00000000000000000000000000000000000000000000000000000000000000000000000000001111111111100000000000000000000000000000000000000000
00000000000000000000000000000000000000000000000000000000000000000000000000111111111111100000000000000000000000000000000000000000
00000000000000000000000000000000000000000000000000000000000000000000000000111111111111100000000000000000000000000000000000000000
00000000000000000000000000000000000000000000000000000000000000000000000001111111111111100000000000000000000000000000000000000000
00000000000000000000000000000000000000000000000000000000000000000000000001111111111111100000000000000000000000000000000000000000
00000000000000000000000000000000000000000000000000000000000000000000000001111111111111100000000000000000000000000000000000000000
00000000000000000000000000000000100000110000000000000000000000000000000001111111111111100000000000000000000000000000000000000000
00000000000000000000000000000111111111111100000000000000000000000000000011111111111111100000000000000000000000000000000000000000
00000000000000000000000000001111111111111111100000000000000000000000000011111111111111100000000000000000000000000000000000000000
00000000000000000000000000001111111111111111111000000000000000000000000011111111111111100000000000000000000000000000000000000000
00000000000000000000000000011111111111111111111100000000000000000000000011111111111111100000000000000000000000000000000000000000
00000000000000000000000000111111111111111111111100000000000000000000000011111111111111100000000000000000000000000000000000000000
00000000000000000000000000111111111111111111111110000000000000000000000011111111111111100000000000000000000000000000000000000000
00000000000000000000000001111111111111111111111110000000000000000000000011111111111111100000000000000000000000000000000000000000
00000000000000000000000001111111111111111111111110000000000000000000000011111111111111100000000000000000000000000000000000000000
00000000000000000000001111111111111111111111111110000000000000000000000011111111111111100000000000000000000000000000000000000000
00000000000000000000011111111111111111111111111110000000000000000000000011111111111111100000000000000000000000000000000000000000
00000000000000000000011111111111111111111111111110000000000000000000000011111111111111100000000000000000000000000000000000000000
00000000000000000000011111111111111100011111111110000000000000000000000011111111111111100000000000000000000000000000000000000000
00000000000000000000111111111111111000011111111110000000000000000000000011111111111111100000000000000000000000000000000000000000
00000000000000000000111111111111111000011111111110000000000000000000000011111111111111100000000000000000000000000000000000000000
00000000000000000000011111111111111000011111111110000000000000000000000011111111111111100000000000000000000000000000000000000000
00000000000000000000011111111111111000011111111110000000000000000000000011111111111111100000000000000000000000000000000000000000
00000000000000000000011111111111111000011111111110000000000000000000000011111111111111100000000000000000000000000000000000000000
00000000000000000000011111111111111000011111111110000000000000000000000011111111111111100000000000000000000000000000000000000000
00000000000000000000011111111111111000011111111110000000000000000000000011111111111111100000000000000000000000000000000000000000
00000000000000000000011111111111111000111111111110000000000000000000000011111111111111100000000000000000000000000000000000000000
00000000000000000000011111111111111100111111111110000000000000000000000111111111111111100000000000000000000000000000000000000000
00000000000000000000011111111111111111111111111100000000000000000000000111111111111111100000000000000000000000000000000000000000
00000000000000000000011111111111111111111111111110000000000000000000001111111111111111100000000000000000000000000000000000000000
00000000000000000000011111111111111111111111111100000000000000000000001111111111111111000000000000000000000000000000000000000000
00000000000000000000011111111111111111111111111100000000000000000000011111111111111111000000000000000000000000000000000000000000
00000000000000000000011111111111111111111111111100000000000000000000011111111111111111000000000000000000000000000000000000000000
00000000000000000000011111111111111111111111111100000000000000000000111111111111111110000000000000000000000000000000000000000000
00000000000000000000011111111111111111111111111100000000000000000011111111111111111110000000000000000000000000000000000000000000
00000000000000000000011111111111111111111111111110000000000000011111111111111111111110000000000000000000000000000000000000000000
00000000000000000000011111111111111111111111111111111000000111111111111111111111111100000000000000000000000000000000000000000000
00000000000000000000011111111111111111111111111111111111111111111111111111111111111000000000000000000000000000000000000000000000
00000000000000000000011111111111111111111111111111111111111111111111111111111111100000000000000000000000000000000000000000000000
00000000000000000000001111111111111111111111111111111111111111111111111111111111000000000000000000000000000000000000000000000000
00000000000000000000000111111111111111111111111111111111111111111111111111111111000000000000000000000000000000000000000000000000
00000000000000000000000111111111111111111111111111111111111111111111111111111111000000000000000000000000000000000000000000000000
00000000000000000000000011111111111111111111111111111111111111111111111111111110000000000000000000000000000000000000000000000000
00000000000000000000000000011111111111111111111111111111111111111111111111111100000000000000000000000000000000000000000000000000
00000000000000000000000000001111111111111111111111111111111111111111111111111000000000000000000000000000000000000000000000000000
00000000000000000000000000000111111111111111111111111111111111111111111111110000000000001100100000000000000000000000000000000000
00000000000000000000000000000111111111111111111111111111111111111111111110000000000111111111111100000000000000000000000000000000
00000000000000000000000000000111111111111111111111111111111111111111111100000000001111111111111110000000000000000000000000000000
00000000000000000000000000001111111111111111111111111111111111111111111000000000011111111111111110000000000000000000000000000000
00000000000000000000000000001111111111111111111111111111111111111111100000000000011111111111111110000000000000000000000000000000
00000000000000000000000000011111111111111111111111111111111111111110000000000011111111111111111111000000000000000000000000000000
00000000000000000000000001111111111111111111111111111111111111110000000000000011111111111111111110000000000000000000000000000000
00000000000000000000000001111111111111111110000001111111111000000000000000000011111111111111111110000000000000000000000000000000
00000000000000000000000001111111111111111110000000000000000000000000000000000011111111111111111111000000000000000000000000000000
00000000000000000000000011111111111111111110000000000000000000000000000000000111111111111111111110000000000000000000000000000000
00000000000000000000000011111111111111111100000000000000000000000000000000000111111111111111111110000000000000000000000000000000
00000000000000000000000111111111111111111100000000000000000000000000000000001111111111111111111110000000000000000000000000000000
00000000000000000000001111111111111111111000000000000000000000000000000000001111111111111111111110000000000000000000000000000000
00000000000000000000011111111111111111110000000000000000000000000000000000011111111111111111111111000000000000000000000000000000
00000000000000000000011111111111111111100000000000000000000000000000000000011111111111111111111110000000000000000000000000000000
00000000000000000001111111111111111111100000000000000000000000000000000000011111111111111111111110000000000000000000000000000000
00000000000000000001111111111111111111100000000000000000000000000000000000111111111111111111111110000000000000000000000000000000
00000000000000000001111111111111111111000000000000000000000000000000000000111111111111111111111110000000000000000000000000000000
00000000000000000011111111111111111111000000000000000000000000000000000000111111111111111100000000000000000000000000000000000000
00000000000000000111111111111111111111000000000000000000000000000000000000111111111111110000000000000000000000000000000000000000
00000000000000000111111111111111111111000000000000000000000000000000000000111111111111110000000000000000000000000000000000000000
00000000000000000111111111111111111110000000000000000000000000000000000000111111111111110000000000000000000000000000000000000000
00000000000000001111111111111111111111000000000000000000000000000000000001111111111111110000000000000000000000000000000000000000
00000000000000001111111111111111111110000000000000000000000000000000000001111111111111110000000000000000000000000000000000000000
00000000000000001111111111111111111110000000000000000000000000000000000001111111111111110000000000000000000000000000000000000000
00000000000000001111111111111111111110000000000000000000000000000000000001111111111111100000000000000000000000000000000000000000
00000000000000001111111111111111111110000000000000000000000000000000000011111111111111100000000000000000000000000000000000000000
00000000000000001111111111111111111110000000000000000000000000000000000011111111111111100000000000000000000000000000000000000000
00000000000000011111111111111111111110000000000000000000000000000000000011111111111111100000000000000000000000000000000000000000
00000000000000001111111111111111111110000000000000000000000000000000000111111111111111100000000000000000000000000000000000000000
00000000000000001111111111111111111110000000000000000000000000000000000111111111111111000000000000000000000000000000000000000000
00000000000000001111111111111111111110000000000000000000000000000000000111111111111111000000000000000000000000000000000000000000
00000000000000001111111111111111111110000000000000000000000000000000000111111111111111000000000000000000000000000000000000000000
00000000000000001111111111111111111110000000000000000000000000000000001111111111111111000000000000000000000000000000000000000000
00000000000000001111111111111111111110000000000000000000000000000000000111111111111111000000000000000000000000000000000000000000
00000000000000001111111111111111111110000000000000000000000000000000000111111111111111000000000000000000000000000000000000000000
00000000000000001111111111111111111110000000000000000000000000000000000111111111111111000000000000000000000000000000000000000000
00000000000000001111111111111111111110000000000000000000000000000000000111111111111111100000000000000000000000000000000000000000
00000000000000011111111111111111111110000000000000000000000000000000000111111111111111100000000000000000000000000000000000000000
00000000000000001111111111111111111110000000000000000000000000000000000111111111111111110000000000000000000000000000000000000000
00000000000000001111111111111111111110000000000000000000000000000000001111111111111111110000000000000000000000000000000000000000
00000000000000001111111111111111111110000000000000000000000000000000000111111111111111110000000000000000000000000000000000000000
00000000000000001111111111111111111110000000000000000000000000000000000111111111111111110000000000000000000000000000000000000000
00000000000000001111111111111111111110000000000000000000000000000000000111111111111111110000000000000000000000000000000000000000
00000000000000000111111111111111111110000000000000000000000000000000000111111111111111110000000000000000000000000000000000000000
00000000000000000011111111111111111110000000000000000000000000000000000111111111111111110000000000000000000000000000000000000000
00000000000000000011111111111111111110000000000000000000000000000000000111111111111111111000000000000000000000000000000000000000
00000000000000000001111111111111111110000000000000000000000000000000000111111111111111111000000000000000000000000000000000000000
00000000000000000001111111111111111111000000000000000000000000000000000111111111111111111000000000000000000000000000000000000000
00000000000000000001111111111111111111100000000000000000000000000000000111111111111111111100000000000000000000000000000000000000
00000000000000000001111111111111111111111000000000000000000000000000001111111111111111111100000000000000000000000000000000000000
00000000000000000001111111111111111111111111111100100000000000000000001111111111111111111100000000000000000000000000000000000000
00000000000000000000111111111111111111111111111111111111111110000000001111111111111111111110000000000000000000000000000000000000
00000000000000000000111111111111111111111111111111111111111111111111111111111111111111111110000000000000000000000000000000000000
00000000000000000000011111111111111111111111111111111111111111111111111111111111111111111111000000000000000000000000000000000000
00000000000000000000011111111111111111111111111111111111111111111111111111111111111111111111000000000000000000000000000000000000
00000000000000000000011111111111111111111111111111111111111111111111111111111111111111111111000000000000000000000000000000000000
00000000000000000000011111111111111111111111111111111111111111111111111111111111111111111111100000000000000000000000000000000000
00000000000000000000001111111111111111111111111111111111111111111111111111111111111111111111100000000000000000000000000000000000
00000000000000000000001111111111111111111111111111111111111111111111111111111111111111111111110000000000000000000000000000000000
00000000000000000000000111111111111111111111111111111111111111111111111111111111111111111111110000000000000000000000000000000000
00000000000000000000000111111111111111111111111111111111111111111111111111111111111111111111110000000000000000000000000000000000
00000000000000000000000111111111111111111111111111111111111111111111111111111111111111111111110000000000000000000000000000000000
00000000000000000000000011111111111111111111111111111111111111111111111111111111111111111111110000000000000000000000000000000000
00000000000000000000000001111111111111111111111111111111111111111111111111111111111111111111110000000000000000000000000000000000
00000000000000000000000000111111111111111111111111111111111111111111111111111111111111000000000000000000000000000000000000000000
00000000000000000000000000000111111111111111111111111111111111111111111111110000000000000000000000000000000000000000000000000000
00000000000000000000000000000011111111111111111111100000000100000000000000000000000000000000000000000000000000000000000000000000
00000000000000000000000000000000000000000000000000000000000000000000000000000000000000000000000000000000000000000000000000000000
00000000000000000000000000000000000000000000000000000000000000000000000000000000000000000000000000000000000000000000000000000000
00000000000000000000000000000000000000000000000000000000000000000000000000000000000000000000000000000000000000000000000000000000
00000000000000000000000000000000000000000000000000000000000000000000000000000000000000000000000000000000000000000000000000000000
00000000000000000000000000000000000000000000000000000000000000000000000000000000000000000000000000000000000000000000000000000000
00000000000000000000000000000000000000000000000000000000000000000000000000000000000000000000000000000000000000000000000000000000
00000000000000000000000000000000000000000000000000000000000000000000000000000000000000000000000000000000000000000000000000000000
00000000000000000000000000000000000000000000000000000000000000000000000000000000000000000000000000000000000000000000000000000000
00000000000000000000000000000000000000000000000000000000000000000000000000000000000000000000000000000000000000000000000000000000
00000000000000000000000000000000000000000000000000000000000000000000000000000000000000000000000000000000000000000000000000000000
