00000000000000000000000000000000000000000000000000000000000000000000000000000000000000000000000000000000000000000000000000000000
00000000000000000000000000000000000000000000000000000000000000000000000000000000000000000000000000000000000000000000000000000000
00000000000000000000000000000000000000000000000000000000000000000000000000000000000000000000000000000000000000000000000000000000
00000000000000000000000000000000000000000000000000000000000000000000000000000000000000000000000000000001010000000000000000000000
00000000000000000000000000000000000100000011000000000000000000000000000000000000000000000000000000001111111111100000000000000000
00000000000000000000000000000111111111111111111100000000000000000000000000000000000000000000000011111111111111100000000000000000
00000000000000000000000000011111111111111111111110000000000000000000000000000000000000000000000111111111111111110000000000000000
00000000000000000000000001111111111111111111111111000000000000000000000000000000000000000000001111111111111111111100000000000000
00000000000000000000000011111111111111111111111111100000000000000000000000000000000000000000111111111111111111111110000000000000
00000000000000000000000111111111111111111111111111110000000000000000000000000000000000000001111111111111111111111111000000000000
00000000000000000000011111111111111111111111111111110000000000000000000000000000000000000001111111111111111111111111000000000000
00000000000000000000011111111111111111111111111111111000000000000000000000000000000000000011111111111111111111111111000000000000
00000000000000000001111111111111111111111111111111111000000000000000000000000000000000000111111111111111111111111111000000000000
00000000000000000001111111111111111111111111111111111000000000000000000000000000000000000111111111111111111111111111000000000000
00000000000000000011111111111111111111111111111111111000000000000000000000000000000000001111111111111111111111111111000000000000
00000000000000001111111111111111111111111111111111111100000000000000000000000000000000001111111111111111111111111111000000000000
00000000000000001111111111111111111111111111111111111000000000000000000000000000000000011111111111111111111111111110000000000000
00000000000000011111111111111111111111111111111111111000000000000000000000000000000000011111111111111111111111111110000000000000
00000000000000111111111111111111111110011111111111111100000000000000000000000000000000011111111111111111111111111110000000000000
00000000000000111111111111111111111100011111111111111000000000000000000000000000000000111111111111111111111111111110000000000000
00000000000001111111111111111111111000011111111111111000000000000000000000000000000000111111111111111111111111111110000000000000
00000000000001111111111111111111110000011111111111111000000000000000000000000000000000111111111111111111111100000000000000000000
00000000000011111111111111111111100000111111111111111000000000000000000000000000000001111111111111111111111100000000000000000000
00000000000111111111111111111111100001111111111111111000000000000000000000000000000001111111111111111111110000000000000000000000
00000000000111111111111111111111110001111111111111111000000000000000000000000000000001111111111111111111110000000000000000000000
00000000000111111111111111111111110001111111111111111000000000000000000000000000000011111111111111111111100000000000000000000000
00000000000111111111111111111111110001111111111111111000000000000000000000000000000011111111111111111111100000000000000000000000
00000000000111111111111111111111110011111111111111111000000000000000000000000000000111111111111111111111000000000000000000000000
00000000001111111111111111111111110011111111111111111100000000000000000000000000000111111111111111111110000000000000000000000000
00000000001111111111111111111111111111111111111111111100000000000000000000000000000111111111111111111110000000000000000000000000
00000000001111111111111111111111111111111111111111111000000000000000000000000000001111111111111111111100000000000000000000000000
00000000011111111111111111111111111111111111111111111000000000000000000000000000001111111111111111111100000000000000000000000000
00000000011111111111111111111111111111111111111111111000000000000000000000000000011111111111111111111000000000000000000000000000
00000000011111111111111111111111111111111111111111111000000000000000000000000000011111111111111111110000000000000000000000000000
00000000011111111111111111111111111111111111111111110000000000000000000000000000011111111111111111100000000000000000000000000000
00000000011111111111111111111111111111111111111111110000000000000000000000000000111111111111111111000000000000000000000000000000
00000000011111111111111111111111111111111111111111110000000000000000000000000000111111111111111111000000000000000000000000000000
00000000011111111111111111111111111111111111111111110000000000000000000000000000111111111111111111000000000000000000000000000000
00000000011111111111111111111111111111111111111111100000000000000000000000000001111111111111111110000000000000000000000000000000
00000000011111111111111111111111111111111111111111100000000000000000000000000011111111111111111110000000000000000000000000000000
00000000011111111111111111111111111111111111111111100000000000000000000000011111111111111111111110000000000000000000000000000000
00000000011111111111111111111111111111111111111111111111100010000000000011111111111111111111111100000000000000000000000000000000
00000000001111111111111111111111111111111111111111111111111111111111111111111111111111111111111100000000000000000000000000000000
00000000001111111111111111111111111111111111111111111111111111111111111111111111111111111111111100000000000000000000000000000000
00000000000011111111111111111111111111111111111111111111111111111111111111111111111111111111111000000000000000000000000000000000
00000000000001111111111111111111111111111111111111111111111111111111111111111111111111111111111000000000000000000000000000000000
00000000000000111111111111111111111111111111111111111111111111111111111111111111111111111111110000000000000000000000000000000000
00000000000000111111111111111111111111111111111111111111111111111111111111111111111111111111110000000000000000000000000000000000
00000000000000111111111111111111111111111111111111111111111111111111111111111111111111111111110000000000000000000000000000000000
00000000000000011111111111111111111111111111111111111111111111111111111111111111111111111111100000000000000000000000000000000000
00000000000000001111111111111111111111111111111111111111111111111111111111111111111111111111000000000000000000000000000000000000
00000000000000000111111111111111111111111111111111111111111111111111111111111111111111111111000000000000000000000000000000000000
00000000000000000001111111111111111111111111111111111111111111111111111111111111111111111111000000000000000000000000000000000000
00000000000000000000111111111111111111111111111111111111111111111111111111111111111111111110000001000001000000000000000000000000
00000000000000000000001111111111111111111111111111111111111111111111111111111111111111111000000111111111110000000000000000000000
00000000000000000000000011111111111111111111111111111111111111111111111111111111111111110000011111111111111100000000000000000000
00000000000000000000000001111111111111111111111111111111111111111111111111111111111111100000111111111111111110000000000000000000
00000000000000000000000011111111111111111111111111111111111111111111111111111111111111000000111111111111111110000000000000000000
00000000000000000000000011111111111111111111111111111111111111111111111111111111111100000000111111111111111111000000000000000000
00000000000000000000000011111111111111111111111111111111111111111111111111111111110000000011111111111111111111000000000000000000
00000000000000000000000011111111111111111111111111111111111111111111111111111111000000000011111111111111111111000000000000000000
00000000000000000000000111111111111111111111111111111111111111111111111111111100000000000111111111111111111111000000000000000000
00000000000000000000000111111111111111111001111111111111111111111111111111100000000000000111111111111111111111000000000000000000
00000000000000000000001111111111111111110000001111111111111111111111111100000000000000000111111111111111111111000000000000000000
00000000000000000000001111111111111111110000000000000000000000000000000000000000000000001111111111111111111111000000000000000000
00000000000000000000011111111111111111110000000000000000000000000000000000000000000000001111111111111111111111000000000000000000
00000000000000000000011111111111111111100000000000000000000000000000000000000000000000001111111111111111111111000000000000000000
00000000000000000000111111111111111111100000000000000000000000000000000000000000000000001111111111111111111111000000000000000000
00000000000000000000111111111111111111100000000000000000000000000000000000000000000000001111111111111111111111000000000000000000
00000000000000000000111111111111111111100000000000000000000000000000000000000000000000011111111111111111111111000000000000000000
00000000000000000001111111111111111111100000000000000000000000000000000000000000000000011111111111111111111111000000000000000000
00000000000000000001111111111111111111000000000000000000000000000000000000000000000000011111111111111111101000000000000000000000
00000000000000000001111111111111111111000000000000000000000000000000000000000000000000111111111111111111100000000000000000000000
00000000000000000001111111111111111111000000000000000000000000000000000000000000000001111111111111111111100000000000000000000000
00000000000000000011111111111111111111000000000000000000000000000000000000000000000001111111111111111111100000000000000000000000
00000000000000000011111111111111111110000000000000000000000000000000000000000000000001111111111111111111100000000000000000000000
00000000000000000111111111111111111110000000000000000000000000000000000000000000000001111111111111111111100000000000000000000000
00000000000000001111111111111111111110000000000000000000000000000000000000000000000001111111111111111111100000000000000000000000
00000000000000001111111111111111111110000000000000000000000000000000000000000000000001111111111111111111000000000000000000000000
00000000000000011111111111111111111110000000000000000000000000000000000000000000000001111111111111111111000000000000000000000000
00000000000000011111111111111111111110000000000000000000000000000000000000000000000011111111111111111111000000000000000000000000
00000000000000011111111111111111111110000000000000000000000000000000000000000000000011111111111111111111000000000000000000000000
00000000000000111111111111111111111110000000000000000000000000000000000000000000000011111111111111111111000000000000000000000000
00000000000000111111111111111111111110000000000000000000000000000000000000000000000011111111111111111111000000000000000000000000
00000000000001111111111111111111111110000000000000000000000000000000000000000000000111111111111111111111000000000000000000000000
00000000000001111111111111111111111110000000000000000000000000000000000000000000000111111111111111111110000000000000000000000000
00000000000011111111111111111111111100000000000000000000000000000000000000000000000111111111111111111110000000000000000000000000
00000000000011111111111111111111111100000000000000000000000000000000000000000000001111111111111111111110000000000000000000000000
00000000000011111111111111111111111000000000000000000000000000000000000000000000001111111111111111111110000000000000000000000000
00000000000011111111111111111111111000000000000000000000000000000000000000000000001111111111111111111110000000000000000000000000
00000000000011111111111111111111111000000000000000000000000000000000000000000000001111111111111111111110000000000000000000000000
00000000000011111111111111111111110000000000000000000000000000000000000000000000001111111111111111111100000000000000000000000000
00000000000011111111111111111111110000000000000000000000000000000000000000000000111111111111111111111100000000000000000000000000
00000000000011111111111111111111110000000000000000000000000000000000000000000000111111111111111111111100000000000000000000000000
00000000000011111111111111111111110000000000000000000000000000000000000000000000111111111111111111111100000000000000000000000000
00000000000011111111111111111111110000000000000000000000000000000000000000000000111111111111111111111000000000000000000000000000
00000000000111111111111111111111111000000000000000000000000000000000000000000001111111111111111111111000000000000000000000000000
00000000000111111111111111111111111110000000000000000000000000000000000000000001111111111111111111111000000000000000000000000000
00000000000111111111111111111111111111111110000000000000000000000000000000000001111111111111111111111000000000000000000000000000
00000000000111111111111111111111111111111111111100000000000000000000000000000001111111111111111111111000000000000000000000000000
00000000000111111111111111111111111111111111111111111100110000000000000000011111111111111111111111111000000000000000000000000000
00000000000111111111111111111111111111111111111111111111111111111111111111111111111111111111111111110000000000000000000000000000
00000000000011111111111111111111111111111111111111111111111111111111111111111111111111111111111111110000000000000000000000000000
00000000000011111111111111111111111111111111111111111111111111111111111111111111111111111111111111110000000000000000000000000000
00000000000001111111111111111111111111111111111111111111111111111111111111111111111111111111111111110000000000000000000000000000
00000000000001111111111111111111111111111111111111111111111111111111111111111111111111111111111111100000000000000000000000000000
00000000000000111111111111111111111111111111111111111111111111111111111111111111111111111111111111100000000000000000000000000000
00000000000000111111111111111111111111111111111111111111111111111111111111111111111111111111111111100000000000000000000000000000
00000000000000111111111111111111111111111111111111111111111111111111111111111111111111111111111111100000000000000000000000000000
00000000000000011111111111111111111111111111111111111111111111111111111111111111111111111111111111100000000000000000000000000000
00000000000000011111111111111111111111111111111111111111111111111111111111111111111111111111111111100000000000000000000000000000
00000000000000001111111111111111111111111111111111111111111111111111111111111111111111111111111111100000000000000000000000000000
00000000000000000111111111111111111111111111111111111111111111111111111111111111111111111111111111000000000000000000000000000000
00000000000000000001111111111111111111111111111111111111111111111111111111111111111111111111111111000000000000000000000000000000
00000000000000000000011111111111111111111111111111111111111111111111111111111111111111111111111111000000000000000000000000000000
00000000000000000000000111111111111111111111111111111111111111111111111111111111111111111111111111000000000000000000000000000000
00000000000000000000000011111111111111111111111111111111111111111111111111111111111111111111111111000000000000000000000000000000
00000000000000000000000000011111111111111111111111111111111111111111111111111111111111111111111110000000000000000000000000000000
00000000000000000000000000000111111111111111111111111111111111111111111111111111111111111111111110000000000000000000000000000000
00000000000000000000000000000001111111111111111111111111111111111111111111111111111111111111111110000000000000000000000000000000
00000000000000000000000000000000000000111111111111111111111111111111111111111111111111111111111000000000000000000000000000000000
00000000000000000000000000000000000000000001111111111111111111111111111111111111111111111111110000000000000000000000000000000000
00000000000000000000000000000000000000000000000000000000111111111111111111111111111111111110000000000000000000000000000000000000
00000000000000000000000000000000000000000000000000000000000000101000000000000000100000000000000000000000000000000000000000000000
00000000000000000000000000000000000000000000000000000000000000000000000000000000000000000000000000000000000000000000000000000000
00000000000000000000000000000000000000000000000000000000000000000000000000000000000000000000000000000000000000000000000000000000
00000000000000000000000000000000000000000000000000000000000000000000000000000000000000000000000000000000000000000000000000000000
00000000000000000000000000000000000000000000000000000000000000000000000000000000000000000000000000000000000000000000000000000000
