00000000000000000000000000000000000000000000000000000000000000000000000000000000000000000000000000000000000000000000000000000000
00000000000000000000000000000000000000000000000000000000000000000000000000000000000000000000000000000000000000000000000000000000
00000000000000000000000000000000000000000000000000000000000000000000000000000000000000000000000000000000000000000000000000000000
00000000000000000000000000000000000000000000000000000000000000000000000000000000000000000000000000000000000000000000000000000000
00000000000000000000000000000000000000000000000000000000000000000000000000000000000011111111100000000000000000000000000000000000
00000000000000000000000000000000000000000000000000000000000000000000000000000000000111111111100000000000000000000000000000000000
00000000000000000000000000000000000000000000000000000000000000000000000000000000000111111111100000000000000000000000000000000000
00000000000000000000000000000000000000000000000000000000000000000000000000000000001111111111100000000000000000000000000000000000
00000000000000000000000011111111111000000000000000000000000000000000000000000000011111111111110000000000000000000000000000000000
00000000000000000000000011111111111111000000000000000000000000000000000000000000011111111111110000000000000000000000000000000000
00000000000000000000000111111111111111110000000000000000000000000000000000000000111111111111110000000000000000000000000000000000
00000000000000000000011111111111111111111000000000000000000000000000000000000000111111111111110000000000000000000000000000000000
00000000000000000000011111111111111111111111000000000000000000000000000000000000111111111111110000000000000000000000000000000000
00000000000000000000111111111111111111111111100000000000000000000000000000000000111111111111110000000000000000000000000000000000
00000000000000000001111111111111111111111111110000000000000000000000000000000001111111111111110000000000000000000000000000000000
00000000000000000001111111111111111111111111110000000000000000000000000000000001111111111111110000000000000000000000000000000000
00000000000000000111111111111111111111111111111000000000000000000000000000000011111111111111100000000000000000000000000000000000
00000000000000000111111111111111111111111111111000000000000000000000000000000011111111111111100000000000000000000000000000000000
00000000000000001111111111111111111111111111111000000000000000000000000000000011111111111111100000000000000000000000000000000000
00000000000000001111111111111111111111111111111111000000000000000000000000000111111111111111100000000000000000000000000000000000
00000000000000001111111111111111111111111111111111000000000000000000000000000111111111111111100000000000000000000000000000000000
00000000000000001111111111111111111111111111111111000000000000000000000000001111111111111111100000000000000000000000000000000000
00000000000000011111111111111111111111111111111111100000000000000000000000001111111111111111100000000000000000000000000000000000
00000000000000011111111111111111111111111111111111100000000000000000000000011111111111111111110000000000000000000000000000000000
00000000000000011111111111111111111111111111111111100000000000000000000000011111111111111111100000000000000000000000000000000000
00000000000000011111111111111111111111111111111111100000000000000000000000011111111111111111100000000000000000000000000000000000
00000000000000011111111111111111111111111111111111100000000000000000000000011111111111111111100000000000000000000000000000000000
00000000000000011111111111111111011111111111111111100000000000000000000000111111111111111111000000000000000000000000000000000000
00000000000000011111111111111110001111111111111111110000000000000000000000111111111111111111000000000000000000000000000000000000
00000000000000011111111111111100000011111111111111110000000000000000000000111111111111111110000000000000000000000000000000000000
00000000000000011111111111111100000001111111111111110000000000000000000001111111111111111100000000000000000000000000000000000000
00000000000000011111111111111000000001111111111111100000000000000000000001111111111111111100000000000000000000000000000000000000
00000000000000011111111111111000000001111111111111100000000000000000000001111111111111111100000000000000000000000000000000000000
00000000000000011111111111111100000001111111111111110000000000000000000011111111111111111100000000000000000000000000000000000000
00000000000000011111111111111111000011111111111111100000000000000000000111111111111111111100000000000000000000000000000000000000
00000000000000011111111111111111000011111111111111100000000000001111111111111111111111111000000000000000000000000000000000000000
00000000000000001111111111111111110011111111111111100000001111111111111111111111111111110000000000000000000000000000000000000000
00000000000000001111111111111111111111111111111111111111111111111111111111111111111111110000000000000000000000000000000000000000
00000000000000001111111111111111111111111111111111111111111111111111111111111111111111110000000000000000000000000000000000000000
00000000000000000111111111111111111111111111111111111111111111111111111111111111111111100000000000000000000000000000000000000000
00000000000000000011111111111111111111111111111111111111111111111111111111111111111111000000000000000000000000000000000000000000
00000000000000000001111111111111111111111111111111111111111111111111111111111111111110000000000000000000000000000000000000000000
00000000000000000000111111111111111111111111111111111111111111111111111111111111111110000000000000000000000000000000000000000000
00000000000000000000011111111111111111111111111111111111111111111111111111111111111100000000000000000000000000000000000000000000
00000000000000000000001111111111111111111111111111111111111111111111111111111111110000000000000000000000000000000000000000000000
00000000000000000000000111111111111111111111111111111111111111111111111111111111000000000000000000000000000000000000000000000000
00000000000000000000000011111111111111111111111111111111111111111111111111111110000000000000000000000000000000000000000000000000
00000000000000000000000001111111111111111111111111111111111111111111111111111000000000000000000000000000000000000000000000000000
00000000000000000000000000111111111111111111111111111111111111111111111111100000000000000000000000000000000000000000000000000000
00000000000000000000000000011111111111111111111111111111111111111111111110000000000000000000000000000000000000000000000000000000
00000000000000000000000000001111111111111111111111111111111111111111100000000000000000000000000000000000000000000000000000000000
00000000000000000000000000001111111111111111111111111111110000000000000000000000000000000000000000000000000000000000000000000000
00000000000000000000000000000001111111111111111111111000000000000000000000000000000000000000000000000000000000000000000000000000
00000000000000000000000000000001111111111111111111000000000000000000000000000000000000000000000000000000000000000000000000000000
00000000000000000000000000000001111111111111111100000000000000000000000000000000000000000000000000000000000000000000000000000000
00000000000000000000000000000001111111111111111100000000000000000000000000000000000000000000000000000000000000000000000000000000
00000000000000000000000000000011111111111111111000000000000000000000000000000000000000000001111111111000000000000000000000000000
00000000000000000000000000000011111111111111111000000000000000000000000000000000000000000111111111111111100000000000000000000000
00000000000000000000000000000111111111111111110000000000000000000000000000000000000000111111111111111111100000000000000000000000
00000000000000000000000000000111111111111111110000000000000000000000000000000000000000111111111111111111100000000000000000000000
00000000000000000000000000000111111111111111100000000000000000000000000000000000000001111111111111111111100000000000000000000000
00000000000000000000000000000111111111111111100000000000000000000000000000000000000001111111111111111111110000000000000000000000
00000000000000000000000000001111111111111111100000000000000000000000000000000000000011111111111111111111110000000000000000000000
00000000000000000000000000001111111111111111100000000000000000000000000000000000000111111111111111111111110000000000000000000000
00000000000000000000000000001111111111111111000000000000000000000000000000000000001111111111111111111111110000000000000000000000
00000000000000000000000000011111111111111110000000000000000000000000000000000000001111111111111111111111110000000000000000000000
00000000000000000000000000011111111111111110000000000000000000000000000000000000011111111111111111111111110000000000000000000000
00000000000000000000000000111111111111111110000000000000000000000000000000000000011111111111111111111111110000000000000000000000
00000000000000000000000000111111111111111100000000000000000000000000000000000000111111111111111111111111100000000000000000000000
00000000000000000000000001111111111111111100000000000000000000000000000000000000111111111111111111111111100000000000000000000000
00000000000000000000000011111111111111111000000000000000000000000000000000000000111111111111111111111111100000000000000000000000
00000000000000000000000011111111111111111000000000000000000000000000000000000000111111111111111111111111100000000000000000000000
00000000000000000000000011111111111111111000000000000000000000000000000000000001111111111111111111111110000000000000000000000000
00000000000000000000000011111111111111110000000000000000000000000000000000000001111111111111111111000000000000000000000000000000
00000000000000000000000111111111111111110000000000000000000000000000000000000001111111111110000000000000000000000000000000000000
00000000000000000000000111111111111111110000000000000000000000000000000000000000111111111110000000000000000000000000000000000000
00000000000000000000000111111111111111110000000000000000000000000000000000000000111111111110000000000000000000000000000000000000
00000000000000000000000111111111111111110000000000000000000000000000000000000001111111111110000000000000000000000000000000000000
00000000000000000000000111111111111111110000000000000000000000000000000000000001111111111110000000000000000000000000000000000000
00000000000000000000000111111111111111110000000000000000000000000000000000000001111111111110000000000000000000000000000000000000
00000000000000000000000111111111111111110000000000000000000000000000000000000001111111111110000000000000000000000000000000000000
00000000000000000000000111111111111111100000000000000000000000000000000000000001111111111110000000000000000000000000000000000000
00000000000000000000000111111111111111100000000000000000000000000000000000000001111111111110000000000000000000000000000000000000
00000000000000000000001111111111111111100000000000000000000000000000000000000001111111111110000000000000000000000000000000000000
00000000000000000000001111111111111111100000000000000000000000000000000000000001111111111110000000000000000000000000000000000000
00000000000000000000001111111111111111100000000000000000000000000000000000000001111111111110000000000000000000000000000000000000
00000000000000000000001111111111111111100000000000000000000000000000000000000001111111111110000000000000000000000000000000000000
00000000000000000000001111111111111111000000000000000000000000000000000000000001111111111110000000000000000000000000000000000000
00000000000000000000001111111111111111000000000000000000000000000000000000000001111111111111000000000000000000000000000000000000
00000000000000000000001111111111111111000000000000000000000000000000000000000001111111111110000000000000000000000000000000000000
00000000000000000000001111111111111110000000000000000000000000000000000000000001111111111111000000000000000000000000000000000000
00000000000000000000001111111111111110000000000000000000000000000000000000000001111111111111000000000000000000000000000000000000
00000000000000000000001111111111111110000000000000000000000000000000000000000000111111111111100000000000000000000000000000000000
00000000000000000000001111111111111110000000000000000000000000000000000000000000111111111111100000000000000000000000000000000000
00000000000000000000001111111111111110000000000000000000000000000000000000000000111111111111110000000000000000000000000000000000
00000000000000000000001111111111111111000000000000000000000000000000000000000000111111111111111000000000000000000000000000000000
00000000000000000000001111111111111111110000000000000000000000000000000000000011111111111111111000000000000000000000000000000000
00000000000000000000001111111111111111111100000000000000000000000000000000001111111111111111111100000000000000000000000000000000
00000000000000000000001111111111111111111111100000000000000000000000000011111111111111111111111100000000000000000000000000000000
00000000000000000000001111111111111111111111111111100000000000000000111111111111111111111111111100000000000000000000000000000000
00000000000000000000011111111111111111111111111111110000000000010111111111111111111111111111111100000000000000000000000000000000
00000000000000000000001111111111111111111111111111111111111111111111111111111111111111111111111100000000000000000000000000000000
00000000000000000000001111111111111111111111111111111111111111111111111111111111111111111111111100000000000000000000000000000000
00000000000000000000001111111111111111111111111111111111111111111111111111111111111111111111111100000000000000000000000000000000
00000000000000000000001111111111111111111111111111111111111111111111111111111111111111111111111100000000000000000000000000000000
00000000000000000000001111111111111111111111111111111111111111111111111111111111111111111111111100000000000000000000000000000000
00000000000000000000001111111111111111111111111111111111111111111111111111111111111111111111111100000000000000000000000000000000
00000000000000000000001111111111111111111111111111111111111111111111111111111111111111111111111000000000000000000000000000000000
00000000000000000000001111111111111111111111111111111111111111111111111111111111111111111111110000000000000000000000000000000000
00000000000000000000000111111111111111111111111111111111111111111111111111111111111111111111110000000000000000000000000000000000
00000000000000000000000111111111111111111111111111111111111111111111111111111111111111111111100000000000000000000000000000000000
00000000000000000000000011111111111111111111111111111111111111111111111111111111111111111111100000000000000000000000000000000000
00000000000000000000000000000000000111111111111111111111111111111111111111111111111111111000000000000000000000000000000000000000
00000000000000000000000000000000000000000000001000000000000000000000000000000000100000000000000000000000000000000000000000000000
00000000000000000000000000000000000000000000000000000000000000000000000000000000000000000000000000000000000000000000000000000000
00000000000000000000000000000000000000000000000000000000000000000000000000000000000000000000000000000000000000000000000000000000
00000000000000000000000000000000000000000000000000000000000000000000000000000000000000000000000000000000000000000000000000000000
00000000000000000000000000000000000000000000000000000000000000000000000000000000000000000000000000000000000000000000000000000000
00000000000000000000000000000000000000000000000000000000000000000000000000000000000000000000000000000000000000000000000000000000
00000000000000000000000000000000000000000000000000000000000000000000000000000000000000000000000000000000000000000000000000000000
00000000000000000000000000000000000000000000000000000000000000000000000000000000000000000000000000000000000000000000000000000000
00000000000000000000000000000000000000000000000000000000000000000000000000000000000000000000000000000000000000000000000000000000
00000000000000000000000000000000000000000000000000000000000000000000000000000000000000000000000000000000000000000000000000000000
00000000000000000000000000000000000000000000000000000000000000000000000000000000000000000000000000000000000000000000000000000000
00000000000000000000000000000000000000000000000000000000000000000000000000000000000000000000000000000000000000000000000000000000
00000000000000000000000000000000000000000000000000000000000000000000000000000000000000000000000000000000000000000000000000000000
00000000000000000000000000000000000000000000000000000000000000000000000000000000000000000000000000000000000000000000000000000000
00000000000000000000000000000000000000000000000000000000000000000000000000000000000000000000000000000000000000000000000000000000
