00000000000000000000000000000000000000000000000000000000000000000000000000000000000000000000000000000000000000000000000000000000
00000000000000000000000000000000000000000000000000000000000000000000000000000000000000000000000000000000000000000000000000000000
00000000000000000000000000000000000000000000000000000000000000000000000000000000000000011111111010000000000000000000000000000000
00000000000000000000000000000000000000000000000000000000000000000000000000000000000000111111111111110000000000000000000000000000
00000000000000000000000000000000000000000000000000000000000000000000000000000000000000111111111111110000000000000000000000000000
00000000000000000000000000000000000000000000000000000000000000000000000000000000000011111111111111110000000000000000000000000000
00000000000000000000000000000000000000000000000000000000000000000000000000000000000011111111111111110000000000000000000000000000
00000000000000000000000000000000000000000000000000000000000000000000000000000000000011111111111111110000000000000000000000000000
00000000000000000000000000000000000000000000000000000000000000000000000000000000000111111111111111110000000000000000000000000000
00000000000000000000000000000000000000000000000000000000000000000000000000000000000111111111111111110000000000000000000000000000
00000000000000000000000000000100011100000000000000000000000000000000000000000000000111111111111111110000000000000000000000000000
00000000000000000000000000111111111111111100000000000000000000000000000000000000000111111111111100000000000000000000000000000000
00000000000000000000000001111111111111111110000000000000000000000000000000000000001111111111111100000000000000000000000000000000
00000000000000000000000011111111111111111111100000000000000000000000000000000000001111111111110000000000000000000000000000000000
00000000000000000000001111111111111111111111100000000000000000000000000000000000001111111111110000000000000000000000000000000000
00000000000000000000001111111111111111111111100000000000000000000000000000000000001111111111110000000000000000000000000000000000
00000000000000000000011111111111111111111111100000000000000000000000000000000000001111111111110000000000000000000000000000000000
00000000000000000001111111111111111111111111100000000000000000000000000000000000001111111111110000000000000000000000000000000000
00000000000000000001111111111111111111111111100000000000000000000000000000000000001111111111110000000000000000000000000000000000
00000000000000000011111111111111111111111111100000000000000000000000000000000000001111111111110000000000000000000000000000000000
00000000000000000011111111100111111111111111100000000000000000000000000000000000001111111111110000000000000000000000000000000000
00000000000000000011111111100111111111111111100000000000000000000000000000000000001111111111110000000000000000000000000000000000
00000000000000000011111111100111111111111111100000000000000000000000000000000000001111111111110000000000000000000000000000000000
00000000000000000011111111000111111111111111110000000000000000000000000000000000011111111111110000000000000000000000000000000000
00000000000000000111111110000111111111111111110000000000000000000000000000000000011111111111110000000000000000000000000000000000
00000000000000000111111110001111111111111111110000000000000000000000000000000000011111111111110000000000000000000000000000000000
00000000000000000011111110000111111111111111110000000000000000000000000000000000011111111111110000000000000000000000000000000000
00000000000000000011111110000111111111111111110000000000000000000000000000000000011111111111110000000000000000000000000000000000
00000000000000000111111110000111111111111111110000000000000000000000000000000000011111111111110000000000000000000000000000000000
00000000000000000111111111100111111111111111110000000000000000000000000000000000111111111111110000000000000000000000000000000000
00000000000000000111111111100111111111111111110000000000000000000000000000000000111111111111110000000000000000000000000000000000
00000000000000001111111111111111111111111111110000000000000000000000000000000000111111111111110000000000000000000000000000000000
00000000000000000111111111111111111111111111110000000000000000000000000000000001111111111111110000000000000000000000000000000000
00000000000000000111111111111111111111111111110000000000000000000000000000000001111111111111110000000000000000000000000000000000
00000000000000000111111111111111111111111111110000000000000000000000000000000001111111111111110000000000000000000000000000000000
00000000000000000111111111111111111111111111110000000000000000000000000000000011111111111111100000000000000000000000000000000000
00000000000000000011111111111111111111111111110000000000000000000000000000001111111111111111100000000000000000000000000000000000
00000000000000000011111111111111111111111111110000000000000000000000000000111111111111111111100000000000000000000000000000000000
00000000000000000001111111111111111111111111111100000000000000000000001111111111111111111111100000000000000000000000000000000000
00000000000000000001111111111111111111111111111111111111100000000000111111111111111111111111100000000000000000000000000000000000
00000000000000000000111111111111111111111111111111111111111111111111111111111111111111111111000000000000000000000000000000000000
00000000000000000000111111111111111111111111111111111111111111111111111111111111111111111110000000000000000000000000000000000000
00000000000000000000011111111111111111111111111111111111111111111111111111111111111111111110000000000000000000000000000000000000
00000000000000000000011111111111111111111111111111111111111111111111111111111111111111111000000000000000000000000000000000000000
00000000000000000000011111111111111111111111111111111111111111111111111111111111111111110000000000000000000000000000000000000000
00000000000000000000001111111111111111111111111111111111111111111111111111111111111111110000000000000000000000000000000000000000
00000000000000000000001111111111111111111111111111111111111111111111111111111111111111100000000000000000000000000000000000000000
00000000000000000000000111111111111111111111111111111111111111111111111111111111111111100000000000000000000000000000000000000000
00000000000000000000000011111111111111111111111111111111111111111111111111111111111111100000000000000000000000000000000000000000
00000000000000000000000001111111111111111111111111111111111111111111111111111111111110000000000000000000000000000000000000000000
00000000000000000000000001111111111111111111111111111111111111111111111111111111111000000000000000000000000000000000000000000000
00000000000000000000000001111111111111111111111111111111111111111111111111111110000000000000000000000000000000000000000000000000
00000000000000000000000001111111111111111111111111111111111111111111111101000000000000000000000000000000000000000000000000000000
00000000000000000000000001111111111111111100000001000000000000000000000000000000000000000000000000000000000000000000000000000000
00000000000000000000000001111111111111111100000000000000000000000000000000000000000000000000000000000000000000000000000000000000
00000000000000000000000001111111111111111100000000000000000000000000000000000000000000000000000000000000000000000000000000000000
00000000000000000000000001111111111111111000000000000000000000000000000000000000000000000000000000000000000000000000000000000000
00000000000000000000000001111111111111111000000000000000000000000000000000000000000000000000000000000000000000000000000000000000
00000000000000000000000001111111111111111000000000000000000000000000000000000000000000000000000000000000100000000000000000000000
00000000000000000000000001111111111111111000000000000000000000000000000000000000000000000000000000001111111111110000000000000000
00000000000000000000000001111111111111110000000000000000000000000000000000000000000000000000000001111111111111110000000000000000
00000000000000000000000001111111111111110000000000000000000000000000000000000000000000000000000011111111111111110000000000000000
00000000000000000000000001111111111111110000000000000000000000000000000000000000000000000000001111111111111111110000000000000000
00000000000000000000000001111111111111111000000000000000000000000000000000000000000000000000011111111111111111111000000000000000
00000000000000000000000001111111111111110000000000000000000000000000000000000000000000000001111111111111111111111000000000000000
00000000000000000000000001111111111111110000000000000000000000000000000000000000000000000111111111111111111111111000000000000000
00000000000000000000000001111111111111110000000000000000000000000000000000000000000000001111111111111111111111111000000000000000
00000000000000000000000001111111111111110000000000000000000000000000000000000000000000001111111111111111111111111000000000000000
00000000000000000000000001111111111111110000000000000000000000000000000000000000000000001111111111111111111111111100000000000000
00000000000000000000000001111111111111110000000000000000000000000000000000000000000000011111111111111111111111111000000000000000
00000000000000000000000001111111111111110000000000000000000000000000000000000000000000011111111111111111111111111000000000000000
00000000000000000000000001111111111111110000000000000000000000000000000000000000000000011111111111111111111111111000000000000000
00000000000000000000000011111111111111110000000000000000000000000000000000000000000000111111111111111111111111110000000000000000
00000000000000000000000011111111111111110000000000000000000000000000000000000000000000111111111111111111111110000000000000000000
00000000000000000000000011111111111111110000000000000000000000000000000000000000000000111111111111111111111110000000000000000000
00000000000000000000000011111111111111110000000000000000000000000000000000000000000001111111111111111111111110000000000000000000
00000000000000000000000011111111111111100000000000000000000000000000000000000000000011111111111111111100000000000000000000000000
00000000000000000000000111111111111111100000000000000000000000000000000000000000000011111111111111111000000000000000000000000000
00000000000000000000000111111111111111100000000000000000000000000000000000000000000011111111111111111000000000000000000000000000
00000000000000000000000111111111111111100000000000000000000000000000000000000000000011111111111111111000000000000000000000000000
00000000000000000000000111111111111111100000000000000000000000000000000000000000000011111111111111110000000000000000000000000000
00000000000000000000001111111111111111100000000000000000000000000000000000000000000011111111111111110000000000000000000000000000
00000000000000000000000111111111111111100000000000000000000000000000000000000000000011111111111111110000000000000000000000000000
00000000000000000000000111111111111111100000000000000000000000000000000000000000000011111111111111100000000000000000000000000000
00000000000000000000000111111111111111000000000000000000000000000000000000000000000011111111111111100000000000000000000000000000
00000000000000000000000111111111111111000000000000000000000000000000000000000000000011111111111111100000000000000000000000000000
00000000000000000000000111111111111111000000000000000000000000000000000000000000000011111111111111100000000000000000000000000000
00000000000000000000000111111111111111000000000000000000000000000000000000000000000011111111111111100000000000000000000000000000
00000000000000000000000111111111111111000000000000000000000000000000000000000000000011111111111111100000000000000000000000000000
00000000000000000000000111111111111111000000000000000000000000000000000000000000000001111111111111100000000000000000000000000000
00000000000000000000000111111111111111000000000000000000000000000000000000000000000001111111111111100000000000000000000000000000
00000000000000000000000111111111111111000000000000000000000000000000000000000000000001111111111111100000000000000000000000000000
00000000000000000000000111111111111110000000000000000000000000000000000000000000000011111111111111100000000000000000000000000000
00000000000000000000000111111111111110000000000000000000000000000000000000000000000001111111111111110000000000000000000000000000
00000000000000000000000111111111111110000000000000000000000000000000000000000000000001111111111111110000000000000000000000000000
00000000000000000000000111111111111110000000000000000000000000000000000000000000000001111111111111110000000000000000000000000000
00000000000000000000000111111111111111000000000000000000000000000000000000000000000001111111111111111000000000000000000000000000
00000000000000000000000111111111111111000000000000000000000000000000000000000000000001111111111111111000000000000000000000000000
00000000000000000000000111111111111111000000000000000000000000000000000000000000000011111111111111111000000000000000000000000000
00000000000000000000000111111111111111100000000000000000000000000000000000000000000001111111111111111000000000000000000000000000
00000000000000000000000111111111111111100000000000000000000000000000000000000000000001111111111111111000000000000000000000000000
00000000000000000000000111111111111111110000000000000000000000000000000000000001111111111111111111111000000000000000000000000000
00000000000000000000000111111111111111111111111100000000000000000000000111111111111111111111111111111000000000000000000000000000
00000000000000000000000111111111111111111111111111111111111111111111111111111111111111111111111111111000000000000000000000000000
00000000000000000000000111111111111111111111111111111111111111111111111111111111111111111111111111111000000000000000000000000000
00000000000000000000000111111111111111111111111111111111111111111111111111111111111111111111111111111000000000000000000000000000
00000000000000000000000111111111111111111111111111111111111111111111111111111111111111111111111111111000000000000000000000000000
00000000000000000000000111111111111111111111111111111111111111111111111111111111111111111111111111111000000000000000000000000000
00000000000000000000000111111111111111111111111111111111111111111111111111111111111111111111111111111000000000000000000000000000
00000000000000000000000111111111111111111111111111111111111111111111111111111111111111111111111111111000000000000000000000000000
00000000000000000000000111111111111111111111111111111111111111111111111111111111111111111111111111111000000000000000000000000000
00000000000000000000000111111111111111111111111111111111111111111111111111111111111111111111111111111000000000000000000000000000
00000000000000000000000111111111111111111111111111111111111111111111111111111111111111111111111111111100000000000000000000000000
00000000000000000000000011111111111111111111111111111111111111111111111111111111111111111111111111111100000000000000000000000000
00000000000000000000000000011111111111111111111111111111111111111111111111111111111111111111111111111100000000000000000000000000
00000000000000000000000000001111111111111111111111111111111111111111111111111111111111111111111111111000000000000000000000000000
00000000000000000000000000000011111111111111111111111111111111111111111111111111111111111111111111111000000000000000000000000000
00000000000000000000000000000000111111111111111111111111111111111111111111111111111111111111111111111000000000000000000000000000
00000000000000000000000000000000001111111111111111111111111111111111111111111111111111111111111111000000000000000000000000000000
00000000000000000000000000000000000000000000000000000000000000000000000111111111111111111111111110000000000000000000000000000000
00000000000000000000000000000000000000000000000000000000000000000000000000000000000000000000000000000000000000000000000000000000
00000000000000000000000000000000000000000000000000000000000000000000000000000000000000000000000000000000000000000000000000000000
00000000000000000000000000000000000000000000000000000000000000000000000000000000000000000000000000000000000000000000000000000000
00000000000000000000000000000000000000000000000000000000000000000000000000000000000000000000000000000000000000000000000000000000
00000000000000000000000000000000000000000000000000000000000000000000000000000000000000000000000000000000000000000000000000000000
00000000000000000000000000000000000000000000000000000000000000000000000000000000000000000000000000000000000000000000000000000000
00000000000000000000000000000000000000000000000000000000000000000000000000000000000000000000000000000000000000000000000000000000
00000000000000000000000000000000000000000000000000000000000000000000000000000000000000000000000000000000000000000000000000000000
