00000000000000000000000000000000000000000000000000000000000000000000000000000000000000000000000000000000000000000000000000000000
00000000000000000000000000000000000000000000000000000000000000000000000000000000000000000000000000000000000000000000000000000000
00000000000000000000000000000000000000000000000000000000000000000000000000000000000000000000000000000000000000000000000000000000
00000000000000000000000000000000000000000000000000000000000000000000000000000000000000000000000000000000000000000000000000000000
00000000000000000000000000000000000000000000000000000000000000000000000000000000000000000000000000000000000000000000000000000000
00000000000000000000000000000000000000000000000000000000000000000000000000000000000000000000000000000000000000000000000000000000
00000000000000000000000000000000000000000000000000000000000000000000000000000000000000000000000000000000000000000000000000000000
00000000000000000000000000000000000000000000000111111111111111000000000000000000000000011111111100000000000000000000000000000000
00000000000000000000000000000000000000000000011111111111111111110000000000000000000000011111111111110000000000000000000000000000
00000000000000000000000000000000000000000000111111111111111111111100000000000000000000111111111111110000000000000000000000000000
00000000000000000000000000000000000000000000111111111111111111111111100000000000000001111111111111110000000000000000000000000000
00000000000000000000000000000000000000000000111111111111111111111111110000000000000011111111111111110000000000000000000000000000
00000000000000000000000000000000000000000001111111111111111111111111111000000000000011111111111111110000000000000000000000000000
00000000000000000000000000000000000000000011111111111111111111111111111100000000000111111111111111110000000000000000000000000000
00000000000000000000000000000000000000000111111111111111111111111111111100000000000111111111111111110000000000000000000000000000
00000000000000000000000000000000000000000111111111111111111111111111111100000000000111111111111111110000000000000000000000000000
00000000000000000000000000000000000000000111111111111111111111111111111100000000000111111111111111110000000000000000000000000000
00000000000000000000000000000000000000000111111111111111111111111111111100000000000111111111111111110000000000000000000000000000
00000000000000000000000000000000000000000111111111111111111111111111111100000000001111111111111111100000000000000000000000000000
00000000000000000000000000000000000000001111111111111111111111111111111100000000001111111111111111100000000000000000000000000000
00000000000000000000000000000000000000001111111111111111111111111111111100000000001111111111111111000000000000000000000000000000
00000000000000000000000000000000000000001111111111111111111111111111111100000000001111111111111111000000000000000000000000000000
00000000000000000000000000000000000000001111111111000000001111111111111100000000001111111111111111000000000000000000000000000000
00000000000000000000000000000000000000001111111110000000001111111111111000000000001111111111111110000000000000000000000000000000
00000000000000000000000000000000000000001111111110000000001111111111111000000000011111111111111110000000000000000000000000000000
00000000000000000000000000000000000000001111111111000000001111111111100000000000011111111111111110000000000000000000000000000000
00000000000000000000000000000000000000001111111111100000011111111111000000000000011111111111111110000000000000000000000000000000
00000000000000000000000000000000000000001111111111100001111111111111000000000000111111111111111100000000000000000000000000000000
00000000000000000000000000000000000000001111111111111111111111111111000000000000111111111111111100000000000000000000000000000000
00000000000000000000000000000000000000001111111111111111111111111111000000000001111111111111111100000000000000000000000000000000
00000000000000000000000000000000000000001111111111111111111111111110000000000001111111111111111100000000000000000000000000000000
00000000000000000000000000000000000000001111111111111111111111111100000000000011111111111111111100000000000000000000000000000000
00000000000000000000000000000000000000001111111111111111111111111000000000001111111111111111111000000000000000000000000000000000
00000000000000000000000000000000000000001111111111111111111111111000000000001111111111111111111000000000000000000000000000000000
00000000000000000000000000000000000000001111111111111111111111110000000000111111111111111111110000000000000000000000000000000000
00000000000000000000000000000000000000000111111111111111111111100000000001111111111111111111110000000000000000000000000000000000
00000000000000000000000000000000000000000111111111111111111111100000000011111111111111111111100000000000000000000000000000000000
00000000000000000000000000000000000000000111111111111111111111100000001111111111111111111111000000000000000000000000000000000000
00000000000000000000000000000000000000001111111111111111111111111111111111111111111111111111000000000000000000000000000000000000
00000000000000000000000000000000000000001111111111111111111111111111111111111111111111111111000000000000000000000000000000000000
00000000000000000000000000000000000000001111111111111111111111111111111111111111111111111110000000000000000000000000000000000000
00000000000000000000000000000000000000011111111111111111111111111111111111111111111111111100000000000000000000000000000000000000
00000000000000000000000000000000000000111111111111111111111111111111111111111111111111111000000000000000000000000000000000000000
00000000000000000000000000000000000000111111111111111111111111111111111111111111111111111000000000000000000000000000000000000000
00000000000000000000000000000000000001111111111111111111111111111111111111111111111111100000000000000000000000000000000000000000
00000000000000000000000000000000000011111111111111111111111111111111111111111111111110000000000000000000000000000000000000000000
00000000000000000000000000000000000111111111111111111111111111111111111111111100100000000000000000000000000000000000000000000000
00000000000000000000000000000000000111111111111111111100000100000000000000000000000000000000000000000000000000000000000000000000
00000000000000000000000000000000001111111111111111111100000000000000000000000000000000000000000000000000000000000000000000000000
00000000000000000000000000000000011111111111111111111100000000000000000000000000000000000000000000000000000000000000000000000000
00000000000000000000000000000000011111111111111111111000000000000000000000000000000000000000000000000000000000000000000000000000
00000000000000000000000000000000011111111111111111110000000000000000000000000000000000000000000000000000000000000000000000000000
00000000000000000000000000000000111111111111111111110000000000000000000000000000000000000000000000000000000000000000000000000000
00000000000000000000000000000000111111111111111111100000000000000000000000000000000000000000000000000000000000000000000000000000
00000000000000000000000000000001111111111111111111000000000000000000000000000000000000000000000000000000000000000000000000000000
00000000000000000000000000000001111111111111111111000000000000000000000000000000000000000000000000000000000000000000000000000000
00000000000000000000000000000001111111111111111110000000000000000000000000000000000000000000000000000000000000000000000000000000
00000000000000000000000000000011111111111111111110000000000000000000000000000000000000010000000000000000000000000000000000000000
00000000000000000000000000000011111111111111111100000000000000000000000000000000111111111100000000000000000000000000000000000000
00000000000000000000000000000011111111111111111000000000000000000000000000000111111111111100000000000000000000000000000000000000
00000000000000000000000000000111111111111111110000000000000000000000000000111111111111111100000000000000000000000000000000000000
00000000000000000000000000000111111111111111110000000000000000000000000000111111111111111100000000000000000000000000000000000000
00000000000000000000000000000111111111111111100000000000000000000000000001111111111111111100000000000000000000000000000000000000
00000000000000000000000000001111111111111111000000000000000000000000000011111111111111111100000000000000000000000000000000000000
00000000000000000000000000001111111111111111000000000000000000000000000011111111111111111100000000000000000000000000000000000000
00000000000000000000000000001111111111111100000000000000000000000000000011111111111111111100000000000000000000000000000000000000
00000000000000000000000000001111111111111100000000000000000000000000000111111111111111111100000000000000000000000000000000000000
00000000000000000000000000001111111111111100000000000000000000000000000111111111111111111100000000000000000000000000000000000000
00000000000000000000000000011111111111111100000000000000000000000000001111111111111111111100000000000000000000000000000000000000
00000000000000000000000000011111111111111000000000000000000000000000001111111111111111111100000000000000000000000000000000000000
00000000000000000000000000011111111111111000000000000000000000000000011111111111111111111110000000000000000000000000000000000000
00000000000000000000000000011111111111111000000000000000000000000000011111111111111111111100000000000000000000000000000000000000
00000000000000000000000000111111111111111000000000000000000000000000011111111111111111111100000000000000000000000000000000000000
00000000000000000000000000111111111111110000000000000000000000000000011111111111111111010000000000000000000000000000000000000000
00000000000000000000000000111111111111110000000000000000000000000000011111111111111110000000000000000000000000000000000000000000
00000000000000000000000000111111111111110000000000000000000000000000011111111111111110000000000000000000000000000000000000000000
00000000000000000000000000111111111111110000000000000000000000000000011111111111111100000000000000000000000000000000000000000000
00000000000000000000000000111111111111110000000000000000000000000000111111111111111100000000000000000000000000000000000000000000
00000000000000000000000001111111111111110000000000000000000000000000011111111111111100000000000000000000000000000000000000000000
00000000000000000000000001111111111111110000000000000000000000000000011111111111111110000000000000000000000000000000000000000000
00000000000000000000000001111111111111110000000000000000000000000000011111111111111110000000000000000000000000000000000000000000
00000000000000000000000001111111111111110000000000000000000000000000011111111111111111000000000000000000000000000000000000000000
00000000000000000000000001111111111111111000000000000000000000000000011111111111111111000000000000000000000000000000000000000000
00000000000000000000000001111111111111110000000000000000000000000000111111111111111111000000000000000000000000000000000000000000
00000000000000000000000001111111111111110000000000000000000000000000011111111111111111100000000000000000000000000000000000000000
00000000000000000000000001111111111111110000000000000000000000000000011111111111111111100000000000000000000000000000000000000000
00000000000000000000000001111111111111110000000000000000000000000000011111111111111111110000000000000000000000000000000000000000
00000000000000000000000001111111111111110000000000000000000000000000011111111111111111110000000000000000000000000000000000000000
00000000000000000000000001111111111111111000000000000000000000000000011111111111111111111000000000000000000000000000000000000000
00000000000000000000000001111111111111111000000000000000000000000000011111111111111111111100000000000000000000000000000000000000
00000000000000000000000001111111111111111000000000000000000000000000001111111111111111111110000000000000000000000000000000000000
00000000000000000000000001111111111111111000000000000000000000000000001111111111111111111111000000000000000000000000000000000000
00000000000000000000000001111111111111111000000000000000000000000000001111111111111111111111100000000000000000000000000000000000
00000000000000000000000001111111111111111110000000000000000000000000000011111111111111111111110000000000000000000000000000000000
00000000000000000000000001111111111111111110000000000000000000000000000011111111111111111111111000000000000000000000000000000000
00000000000000000000000001111111111111111110000000000000000000000000000011111111111111111111111000000000000000000000000000000000
00000000000000000000000001111111111111111111000000000000000000000000000001111111111111111111111100000000000000000000000000000000
00000000000000000000000001111111111111111111100000000000000000000000000001111111111111111111111100000000000000000000000000000000
00000000000000000000000001111111111111111111110000000000000000000000000001111111111111111111111110000000000000000000000000000000
00000000000000000000000001111111111111111111111110000000000000000000000000111111111111111111111110000000000000000000000000000000
00000000000000000000000001111111111111111111111111100000000000000000000000011111111111111111111110000000000000000000000000000000
00000000000000000000000001111111111111111111111111111111100000000000000000001111111111111111111111000000000000000000000000000000
00000000000000000000000001111111111111111111111111111111110000000000000000000111111111111111111111000000000000000000000000000000
00000000000000000000000001111111111111111111111111111111111111100100000000000111111111111111111111100000000000000000000000000000
00000000000000000000000000111111111111111111111111111111111111111111111111111111111111111111111111100000000000000000000000000000
00000000000000000000000000111111111111111111111111111111111111111111111111111111111111111111111111110000000000000000000000000000
00000000000000000000000000111111111111111111111111111111111111111111111111111111111111111111111111110000000000000000000000000000
00000000000000000000000000111111111111111111111111111111111111111111111111111111111111111111111111111000000000000000000000000000
00000000000000000000000000111111111111111111111111111111111111111111111111111111111111111111111111111000000000000000000000000000
00000000000000000000000000011111111111111111111111111111111111111111111111111111111111111111111111111000000000000000000000000000
00000000000000000000000000011111111111111111111111111111111111111111111111111111111111111111111111111000000000000000000000000000
00000000000000000000000000001111111111111111111111111111111111111111111111111111111111111111111111111000000000000000000000000000
00000000000000000000000000000111111111111111111111111111111111111111111111111111111111111111111111111000000000000000000000000000
00000000000000000000000000000011111111111111111111111111111111111111111111111111111111111111111111110000000000000000000000000000
00000000000000000000000000000001111111111111111111111111111111111111111111111111111111111111111111110000000000000000000000000000
00000000000000000000000000000000000011111111111111111111111111111111111111111111111111111111111111110000000000000000000000000000
00000000000000000000000000000000000000001111111111111111111111111111111111111111111111111111111111100000000000000000000000000000
00000000000000000000000000000000000000000000111111111111111111111111111111111111111111111111110100000000000000000000000000000000
00000000000000000000000000000000000000000000000001111111111111111111111111111111111111111000000000000000000000000000000000000000
00000000000000000000000000000000000000000000000000000111111111111111111111111111111111000000000000000000000000000000000000000000
00000000000000000000000000000000000000000000000000000000001011111111111111110000000000000000000000000000000000000000000000000000
00000000000000000000000000000000000000000000000000000000000000000000000000000000000000000000000000000000000000000000000000000000
00000000000000000000000000000000000000000000000000000000000000000000000000000000000000000000000000000000000000000000000000000000
00000000000000000000000000000000000000000000000000000000000000000000000000000000000000000000000000000000000000000000000000000000
00000000000000000000000000000000000000000000000000000000000000000000000000000000000000000000000000000000000000000000000000000000
00000000000000000000000000000000000000000000000000000000000000000000000000000000000000000000000000000000000000000000000000000000
00000000000000000000000000000000000000000000000000000000000000000000000000000000000000000000000000000000000000000000000000000000
00000000000000000000000000000000000000000000000000000000000000000000000000000000000000000000000000000000000000000000000000000000
