00000000000000000000000000000000000000000000000000000000000000000000000000000000000000000000000000000000000000000000000000000000
00000000000000000000000000000000000000000000000000000000000000000000000000000000000000000000000000000000000000000000000000000000
00000000000000000000000000000000000000000000000000000000000000000000000000000000000000000000000000000000000000000000000000000000
00000000000000000000000000000000000000000000000000000000000000000000000000000000000000000000000000000000000000000000000000000000
00000000000000000000000000000000000000000000000000000000000000000000000000000000000000000000000000000000000000000000000000000000
00000000000000000000000000000000000000000000000000000000000000000000000000000000000000000000000000000001000000000000000000000000
00000000000000000000000000000000000000000011111111111000000000000000000000000000000000000000000111111111111000000000000000000000
00000000000000000000000000000000000000011111111111111111000000000000000000000000000000000000111111111111111111000000000000000000
00000000000000000000000000000000000001111111111111111111110000000000000000000000000000000011111111111111111111000000000000000000
00000000000000000000000000000000000011111111111111111111111000000000000000000000000000000011111111111111111111000000000000000000
00000000000000000000000000000000001111111111111111111111111100000000000000000000000000000111111111111111111111000000000000000000
00000000000000000000000000000000011111111111111111111111111110000000000000000000000000011111111111111111111111000000000000000000
00000000000000000000000000000000111111111111111111111111111110000000000000000000000000111111111111111111111111000000000000000000
00000000000000000000000000000011111111111111111111111111111110000000000000000000000001111111111111111111111110000000000000000000
00000000000000000000000000000011111111111111111111111111111111000000000000000000000011111111111111111111100000000000000000000000
00000000000000000000000000011111111111111111111111111111111111000000000000000000000011111111111111111111000000000000000000000000
00000000000000000000000000111111111111111111111111111111111111000000000000000000000111111111111111111100000000000000000000000000
00000000000000000000000000111111111111111111111111111111111111000000000000000000001111111111111111111000000000000000000000000000
00000000000000000000000000111111111111111111111111111111111111000000000000000000011111111111111111110000000000000000000000000000
00000000000000000000000000111111111111111111111111111111111111000000000000000000111111111111111111000000000000000000000000000000
00000000000000000000000000111111111111111111111111111111111111000000000000000000111111111111111111000000000000000000000000000000
00000000000000000000000000111111111111111111111111111111111111000000000000000011111111111111111110000000000000000000000000000000
00000000000000000000000001111111111111111111111111111111111111000000000000000011111111111111111100000000000000000000000000000000
00000000000000000000000000111111111111111001111111111111111111000000000000001111111111111111111100000000000000000000000000000000
00000000000000000000000000111111111111111000111111111111111111000000000000111111111111111111110000000000000000000000000000000000
00000000000000000000000000111111111111111000001111111111111111000000000001111111111111111111100000000000000000000000000000000000
00000000000000000000000000011111111111111100000111111111111111000000000111111111111111111111100000000000000000000000000000000000
00000000000000000000000000011111111111111110000111111111111111100000011111111111111111111111000000000000000000000000000000000000
00000000000000000000000000001111111111111111100011111111111111101111111111111111111111111110000000000000000000000000000000000000
00000000000000000000000000001111111111111111110011111111111111111111111111111111111111111110000000000000000000000000000000000000
00000000000000000000000000000111111111111111110001111111111111111111111111111111111111111100000000000000000000000000000000000000
00000000000000000000000000000111111111111111111111111111111111111111111111111111111111111000000000000000000000000000000000000000
00000000000000000000000000000111111111111111111111111111111111111111111111111111111111111000000000000000000000000000000000000000
00000000000000000000000000000011111111111111111111111111111111111111111111111111111111111000000000000000000000000000000000000000
00000000000000000000000000000011111111111111111111111111111111111111111111111111111111100000000000000000000000000000000000000000
00000000000000000000000000000001111111111111111111111111111111111111111111111111111111100000000000000000000000000000000000000000
00000000000000000000000000000001111111111111111111111111111111111111111111111111111111000000000000000000000000000000000000000000
00000000000000000000000000000000111111111111111111111111111111111111111111111111111111000000000000000000000000000000000000000000
00000000000000000000000000000000111111111111111111111111111111111111111111111111111110000000000000000000000000000000000000000000
00000000000000000000000000000000011111111111111111111111111111111111111111111111111100000000000000000000000000000000000000000000
00000000000000000000000000000000000011111111111111111111111111111111111111111111111000000000000000000000000000000000000000000000
00000000000000000000000000000000000000111111111111111111111111111111111111111111110000000000000000000000000000000000000000000000
00000000000000000000000000000000000000000111111111111111111111111111111111111111000000000000000000000000000000000000000000000000
00000000000000000000000000000000000000000111111111111111111111111111111111111110000000000000000000000000000000000000000000000000
00000000000000000000000000000000000000000111111111111111111111111111111111111000000000000000000000000000000000000000000000000000
00000000000000000000000000000000000000000111111111111111111111111111111111111000000000000000000000000000000000000000000000000000
00000000000000000000000000000000000000001111111111111111111111111111000000000000000000000000000000000000000000000000000000000000
00000000000000000000000000000000000000001111111111111111110000000000000000000000000000000000000000000000000000000000000000000000
00000000000000000000000000000000000000011111111111111111110000000000000000000000000000000000000000000000000000000000000000000000
00000000000000000000000000000000000000011111111111111111100000000000000000000000000000000000000000000000000000000000000000000000
00000000000000000000000000000000000000111111111111111111100000000000000000000000000000000000000000000000000000000000000000000000
00000000000000000000000000000000000001111111111111111111100000000000000000000000000000000000000000000000000000000000000000000000
00000000000000000000000000000000000001111111111111111111100000000000000000000000000000000000000000000000000000000000000000000000
00000000000000000000000000000000000001111111111111111111000000000000000000000000000000000000000000000000000000000000000000000000
00000000000000000000000000000000000011111111111111111111000000000000000000000000000000000000000000000000000000000000000000000000
00000000000000000000000000000000001111111111111111111111000000000000000000000000000000000000000000000000000000000000000000000000
00000000000000000000000000000000111111111111111111111111000000000000000000000000000000000011111111111111000000000000000000000000
00000000000000000000000000000000111111111111111111111110000000000000000000000000000000000011111111111111000000000000000000000000
00000000000000000000000000000000111111111111111111111110000000000000000000000000000000001111111111111111000000000000000000000000
00000000000000000000000000000001111111111111111111111110000000000000000000000000000000111111111111111111100000000000000000000000
00000000000000000000000000000011111111111111111111111100000000000000000000000000000001111111111111111111111000000000000000000000
00000000000000000000000000000111111111111111111111111100000000000000000000000000000011111111111111111111111000000000000000000000
00000000000000000000000000000111111111111111111111111100000000000000000000000000000011111111111111111111111100000000000000000000
00000000000000000000000000001111111111111111111111111100000000000000000000000000000111111111111111111111111100000000000000000000
00000000000000000000000000001111111111111111111111111000000000000000000000000000000111111111111111111111111100000000000000000000
00000000000000000000000000001111111111111111111111111000000000000000000000000000001111111111111111111111111100000000000000000000
00000000000000000000000000001111111111111111111111111000000000000000000000000000001111111111111111111111111100000000000000000000
00000000000000000000000000011111111111111111111111110000000000000000000000000000011111111111111111111111111100000000000000000000
00000000000000000000000000011111111111111111111111110000000000000000000000000000011111111111111111000000000000000000000000000000
00000000000000000000000000011111111111111111111111110000000000000000000000000000011111111111111111000000000000000000000000000000
00000000000000000000000000011111111111111111111111100000000000000000000000000000111111111111111111000000000000000000000000000000
00000000000000000000000000011111111111111111111111100000000000000000000000000000111111111111111111000000000000000000000000000000
00000000000000000000000000011111111111111111111111000000000000000000000000000000111111111111111111000000000000000000000000000000
00000000000000000000000000011111111111111111111111000000000000000000000000000000111111111111111111000000000000000000000000000000
00000000000000000000000000011111111111111111111111000000000000000000000000000000111111111111111110000000000000000000000000000000
00000000000000000000000000011111111111111111111111000000000000000000000000000000111111111111111110000000000000000000000000000000
00000000000000000000000000011111111111111111111111000000000000000000000000000000111111111111111110000000000000000000000000000000
00000000000000000000000000011111111111111111111111000000000000000000000000000001111111111111111110000000000000000000000000000000
00000000000000000000000000011111111111111111111110000000000000000000000000000001111111111111111110000000000000000000000000000000
00000000000000000000000000011111111111111111111110000000000000000000000000000001111111111111111110000000000000000000000000000000
00000000000000000000000000011111111111111111111110000000000000000000000000000001111111111111111110000000000000000000000000000000
00000000000000000000000000011111111111111111111110000000000000000000000000000001111111111111111110000000000000000000000000000000
00000000000000000000000000011111111111111111111100000000000000000000000000000001111111111111111110000000000000000000000000000000
00000000000000000000000000011111111111111111111100000000000000000000000000000001111111111111111110000000000000000000000000000000
00000000000000000000000000011111111111111111111100000000000000000000000000000001111111111111111110000000000000000000000000000000
00000000000000000000000000001111111111111111111100000000000000000000000000000001111111111111111110000000000000000000000000000000
00000000000000000000000000001111111111111111111100000000000000000000000000000001111111111111111110000000000000000000000000000000
00000000000000000000000000001111111111111111111100000000000000000000000000000001111111111111111110000000000000000000000000000000
00000000000000000000000000001111111111111111111100000000000000000000000000000001111111111111111110000000000000000000000000000000
00000000000000000000000000001111111111111111111111000000000000000000000000000001111111111111111110000000000000000000000000000000
00000000000000000000000000000111111111111111111111111100000000000000000000000001111111111111111110000000000000000000000000000000
00000000000000000000000000000111111111111111111111111111111111111100000000000001111111111111111110000000000000000000000000000000
00000000000000000000000000000111111111111111111111111111111111111111110000000001111111111111111110000000000000000000000000000000
00000000000000000000000000000011111111111111111111111111111111111111111111000001111111111111111100000000000000000000000000000000
00000000000000000000000000000011111111111111111111111111111111111111111111111111111111111111111100000000000000000000000000000000
00000000000000000000000000000001111111111111111111111111111111111111111111111111111111111111111100000000000000000000000000000000
00000000000000000000000000000001111111111111111111111111111111111111111111111111111111111111111100000000000000000000000000000000
00000000000000000000000000000000111111111111111111111111111111111111111111111111111111111111111100000000000000000000000000000000
00000000000000000000000000000000011111111111111111111111111111111111111111111111111111111111111100000000000000000000000000000000
00000000000000000000000000000000011111111111111111111111111111111111111111111111111111111111111100000000000000000000000000000000
00000000000000000000000000000000001111111111111111111111111111111111111111111111111111111111111000000000000000000000000000000000
00000000000000000000000000000000000111111111111111111111111111111111111111111111111111111111111000000000000000000000000000000000
00000000000000000000000000000000000111111111111111111111111111111111111111111111111111111111111000000000000000000000000000000000
00000000000000000000000000000000000001111111111111111111111111111111111111111111111111111111111100000000000000000000000000000000
00000000000000000000000000000000000000011111111111111111111111111111111111111111111111111111111100000000000000000000000000000000
00000000000000000000000000000000000000000111111111111111111111111111111111111111111111111111111100000000000000000000000000000000
00000000000000000000000000000000000000000011111111111111111111111111111111111111111111111111111100000000000000000000000000000000
00000000000000000000000000000000000000000001111111111111111111111111111111111111111111111111111100000000000000000000000000000000
00000000000000000000000000000000000000000000011111111111111111111111111111111111111111111111111100000000000000000000000000000000
00000000000000000000000000000000000000000000000011111111111111111111111111111111111111111100000000000000000000000000000000000000
00000000000000000000000000000000000000000000000000000000011111111111111100000000000000000000000000000000000000000000000000000000
00000000000000000000000000000000000000000000000000000000000000000000000000000000000000000000000000000000000000000000000000000000
00000000000000000000000000000000000000000000000000000000000000000000000000000000000000000000000000000000000000000000000000000000
00000000000000000000000000000000000000000000000000000000000000000000000000000000000000000000000000000000000000000000000000000000
00000000000000000000000000000000000000000000000000000000000000000000000000000000000000000000000000000000000000000000000000000000
00000000000000000000000000000000000000000000000000000000000000000000000000000000000000000000000000000000000000000000000000000000
00000000000000000000000000000000000000000000000000000000000000000000000000000000000000000000000000000000000000000000000000000000
00000000000000000000000000000000000000000000000000000000000000000000000000000000000000000000000000000000000000000000000000000000
00000000000000000000000000000000000000000000000000000000000000000000000000000000000000000000000000000000000000000000000000000000
00000000000000000000000000000000000000000000000000000000000000000000000000000000000000000000000000000000000000000000000000000000
00000000000000000000000000000000000000000000000000000000000000000000000000000000000000000000000000000000000000000000000000000000
00000000000000000000000000000000000000000000000000000000000000000000000000000000000000000000000000000000000000000000000000000000
00000000000000000000000000000000000000000000000000000000000000000000000000000000000000000000000000000000000000000000000000000000
00000000000000000000000000000000000000000000000000000000000000000000000000000000000000000000000000000000000000000000000000000000
00000000000000000000000000000000000000000000000000000000000000000000000000000000000000000000000000000000000000000000000000000000
00000000000000000000000000000000000000000000000000000000000000000000000000000000000000000000000000000000000000000000000000000000
00000000000000000000000000000000000000000000000000000000000000000000000000000000000000000000000000000000000000000000000000000000
00000000000000000000000000000000000000000000000000000000000000000000000000000000000000000000000000000000000000000000000000000000
