00000000000000000000000000000000000000000000000000000000000000000000000000000000000000000000000000000000000000000000000000000000
00000000000000000000000000000000000000000000000000000000000000000000000000000000000000000000000000000000000000000000000000000000
00000000000000000000000000000000000000000000000000000000000000000000000000000000000000000000000011111111100000000000000000000000
00000000000000000000000000000000000000000000000000000000000000000000000000000000000000000000011111111111100000000000000000000000
00000000000000000000000000000000000000000000000000000000000000000000000000000000000000000001111111111111110000000000000000000000
00000000000000000000000000000000000000000000000000000000000000000000000000000000000000000011111111111111110000000000000000000000
00000000000000000000000000000000000000000000000000000000000000000000000000000000000000000111111111111111110000000000000000000000
00000000000000000000000000000000000000000000000000000000000000000000000000000000000000011111111111111111110000000000000000000000
00000000000000000000000000000000000000000000000000000000000000000000000000000000000011111111111111111111110000000000000000000000
00000000000000000000000000000000000000000000000000000000000000000000000000000000000011111111111111111111110000000000000000000000
00000000000000000000000000000000000000000000000000000000000000000000000000000000000111111111111111111111110000000000000000000000
00000000000000000000000001111111000000000000000000000000000000000000000000000000000111111111111111111111100000000000000000000000
00000000000000000000000111111111111111000000000000000000000000000000000000000000001111111111111111111111100000000000000000000000
00000000000000000000011111111111111111110000000000000000000000000000000000000000001111111111111111111111100000000000000000000000
00000000000000000001111111111111111111111110000000000000000000000000000000000000001111111111111111100000000000000000000000000000
00000000000000000011111111111111111111111111000000000000000000000000000000000000011111111111111111000000000000000000000000000000
00000000000000001111111111111111111111111111100000000000000000000000000000000000011111111111111111000000000000000000000000000000
00000000000000001111111111111111111111111111100000000000000000000000000000000000011111111111111110000000000000000000000000000000
00000000000000011111111111111111111111111111110000000000000000000000000000000000111111111111111110000000000000000000000000000000
00000000000000011111111111111111111111111111111000000000000000000000000000000000111111111111111110000000000000000000000000000000
00000000000000111111111111111111111111111111111000000000000000000000000000000000111111111111111110000000000000000000000000000000
00000000000000111111111111111111111111111111111100000000000000000000000000000001111111111111111100000000000000000000000000000000
00000000000000111111111111111111111111111111111110000000000000000000000000000001111111111111111100000000000000000000000000000000
00000000000000111111111111111111111111111111111110000000000000000000000000000011111111111111111100000000000000000000000000000000
00000000000000111111111111111111111111111111111111000000000000000000000000000011111111111111111000000000000000000000000000000000
00000000000000111111111111111111111111111111111111000000000000000000000000000111111111111111111000000000000000000000000000000000
00000000000000111111111111111111111111111111111111000000000000000000000000000111111111111111111000000000000000000000000000000000
00000000000000111111111111111100111111111111111111000000000000000000000000001111111111111111110000000000000000000000000000000000
00000000000000111111111111111000001111111111111111000000000000000000000000001111111111111111110000000000000000000000000000000000
00000000000000111111111111111000001111111111111111000000000000000000000000011111111111111111110000000000000000000000000000000000
00000000000000111111111111111000001111111111111111000000000000000000000000111111111111111111100000000000000000000000000000000000
00000000000000111111111111111000000111111111111111100000000000000000000000111111111111111111100000000000000000000000000000000000
00000000000000111111111111111000000111111111111111000000000000000000000001111111111111111111000000000000000000000000000000000000
00000000000000011111111111111100000111111111111111000000000000000000000001111111111111111110000000000000000000000000000000000000
00000000000000011111111111111111000111111111111111000000000000000000000011111111111111111110000000000000000000000000000000000000
00000000000000111111111111111111000111111111111111000000000000000000000111111111111111111100000000000000000000000000000000000000
00000000000000011111111111111111111111111111111111000000000000000000001111111111111111111100000000000000000000000000000000000000
00000000000000011111111111111111111111111111111111000000000000000000011111111111111111111000000000000000000000000000000000000000
00000000000000001111111111111111111111111111111111111100000000000011111111111111111111111000000000000000000000000000000000000000
00000000000000001111111111111111111111111111111111111111111111111111111111111111111111111000000000000000000000000000000000000000
00000000000000001111111111111111111111111111111111111111111111111111111111111111111111110000000000000000000000000000000000000000
00000000000000001111111111111111111111111111111111111111111111111111111111111111111111110000000000000000000000000000000000000000
00000000000000000111111111111111111111111111111111111111111111111111111111111111111111110000000000000000000000000000000000000000
00000000000000000011111111111111111111111111111111111111111111111111111111111111111111110000000000000000000000000000000000000000
00000000000000000011111111111111111111111111111111111111111111111111111111111111111111100000000000000000000000000000000000000000
00000000000000000001111111111111111111111111111111111111111111111111111111111111111110000000000000000000000000000000000000000000
00000000000000000001111111111111111111111111111111111111111111111111111111111111111100000000000000000000000000000000000000000000
00000000000000000001111111111111111111111111111111111111111111111111111111111111110000000000000000000000000000000000000000000000
00000000000000000000011111111111111111111111111111111111111111111111111111111111100000000000000000000000000000000000000000000000
00000000000000000000011111111111111111111111111111111111111111111111111111111111000000000000000000000000000000000000000000000000
00000000000000000000001111111111111111111111111111111111111111111111111111111100000000000000000000000000000000000000000000000000
00000000000000000000000111111111111111111111111111111111111111111111111111111000000000000000000000000000000000000000000000000000
00000000000000000000000011111111111111111111111111111111111111111111111111100000000000000000000000000000000000000000000000000000
00000000000000000000000001111111111111111111111111111111111111111111111111000000000000000000000000000000000000000000000000000000
00000000000000000000000000011111111111111111111111111111111111111111111100000000000000000000000000000000000000000000000000000000
00000000000000000000000000000011111111111111111111111111111111111111111000000000000000000000000000000000000000000000000000000000
00000000000000000000000000000000001111111111111111111111111111111110000000000000000000000011111111111110000000000000000000000000
00000000000000000000000000000000001111111111111111000000110000100000000000000000000000001111111111111110000000000000000000000000
00000000000000000000000000000000001111111111111111000000000000000000000000000000000000111111111111111110000000000000000000000000
00000000000000000000000000000000011111111111111111000000000000000000000000000000000011111111111111111110000000000000000000000000
00000000000000000000000000000000011111111111111111000000000000000000000000000000001111111111111111111110000000000000000000000000
00000000000000000000000000000000011111111111111110000000000000000000000000000000001111111111111111111110000000000000000000000000
00000000000000000000000000000000011111111111111110000000000000000000000000000000011111111111111111111100000000000000000000000000
00000000000000000000000000000000011111111111111110000000000000000000000000000001111111111111111111111100000000000000000000000000
00000000000000000000000000000000011111111111111110000000000000000000000000000011111111111111111111111100000000000000000000000000
00000000000000000000000000000000011111111111111110000000000000000000000000000011111111111111111111111100000000000000000000000000
00000000000000000000000000000000011111111111111110000000000000000000000000000011111111111111111111111100000000000000000000000000
00000000000000000000000000000000011111111111111100000000000000000000000000000111111111111111111111111000000000000000000000000000
00000000000000000000000000000000011111111111111100000000000000000000000000000111111111111111111111111000000000000000000000000000
00000000000000000000000000000000011111111111111100000000000000000000000000000111111111111111111110000000000000000000000000000000
00000000000000000000000000000000011111111111111100000000000000000000000000000111111111111111111100000000000000000000000000000000
00000000000000000000000000000000011111111111111100000000000000000000000000000111111111111111111000000000000000000000000000000000
00000000000000000000000000000000011111111111111100000000000000000000000000000111111111111111111100000000000000000000000000000000
00000000000000000000000000000000011111111111111100000000000000000000000000000111111111111111111000000000000000000000000000000000
00000000000000000000000000000000011111111111111100000000000000000000000000000111111111111111111000000000000000000000000000000000
00000000000000000000000000000000011111111111111100000000000000000000000000000111111111111111111000000000000000000000000000000000
00000000000000000000000000000000011111111111111100000000000000000000000000000111111111111111111000000000000000000000000000000000
00000000000000000000000000000000011111111111111100000000000000000000000000000111111111111111111000000000000000000000000000000000
00000000000000000000000000000000011111111111111100000000000000000000000000000111111111111111111000000000000000000000000000000000
00000000000000000000000000000000011111111111111110000000000000000000000000000111111111111111111000000000000000000000000000000000
00000000000000000000000000000000011111111111111110000000000000000000000000000111111111111111111000000000000000000000000000000000
00000000000000000000000000000000011111111111111110000000000000000000000000000111111111111111111000000000000000000000000000000000
00000000000000000000000000000000011111111111111110000000000000000000000000000011111111111111111000000000000000000000000000000000
00000000000000000000000000000000011111111111111110000000000000000000000000000011111111111111111000000000000000000000000000000000
00000000000000000000000000000000011111111111111110000000000000000000000000000011111111111111111000000000000000000000000000000000
00000000000000000000000000000000011111111111111110000000000000000000000000000011111111111111111000000000000000000000000000000000
00000000000000000000000000000000011111111111111110000000000000000000000000000011111111111111111000000000000000000000000000000000
00000000000000000000000000000000011111111111111110000000000000000000000000000011111111111111111000000000000000000000000000000000
00000000000000000000000000000000011111111111111111000000000000000000000000000011111111111111111000000000000000000000000000000000
00000000000000000000000000000000011111111111111111000000000000000000000000000011111111111111111000000000000000000000000000000000
00000000000000000000000000000000011111111111111111000000000000000000000000000011111111111111111000000000000000000000000000000000
00000000000000000000000000000000011111111111111111000000000000000000000000000011111111111111111000000000000000000000000000000000
00000000000000000000000000000000011111111111111111000000000000000000000000000011111111111111111000000000000000000000000000000000
00000000000000000000000000000000011111111111111111100000000000000000000000000011111111111111111000000000000000000000000000000000
00000000000000000000000000000000011111111111111111100000000000000000000000000111111111111111111100000000000000000000000000000000
00000000000000000000000000000000011111111111111111100000000000000000000000000111111111111111111100000000000000000000000000000000
00000000000000000000000000000000011111111111111111110000000000000000000000001111111111111111111100000000000000000000000000000000
00000000000000000000000000000000011111111111111111110000000000000000000000011111111111111111111100000000000000000000000000000000
00000000000000000000000000000000011111111111111111111000000000000000000000111111111111111111111100000000000000000000000000000000
00000000000000000000000000000000011111111111111111111100000000000000000011111111111111111111111100000000000000000000000000000000
00000000000000000000000000000000011111111111111111111111110000000000000111111111111111111111111110000000000000000000000000000000
00000000000000000000000000000000011111111111111111111111111111111111111111111111111111111111111110000000000000000000000000000000
00000000000000000000000000000000011111111111111111111111111111111111111111111111111111111111111110000000000000000000000000000000
00000000000000000000000000000000011111111111111111111111111111111111111111111111111111111111111110000000000000000000000000000000
00000000000000000000000000000000011111111111111111111111111111111111111111111111111111111111111110000000000000000000000000000000
00000000000000000000000000000000001111111111111111111111111111111111111111111111111111111111111110000000000000000000000000000000
00000000000000000000000000000000001111111111111111111111111111111111111111111111111111111111111110000000000000000000000000000000
00000000000000000000000000000000001111111111111111111111111111111111111111111111111111111111111110000000000000000000000000000000
00000000000000000000000000000000001111111111111111111111111111111111111111111111111111111111111110000000000000000000000000000000
00000000000000000000000000000000001111111111111111111111111111111111111111111111111111111111111111000000000000000000000000000000
00000000000000000000000000000000000111111111111111111111111111111111111111111111111111111111111110000000000000000000000000000000
00000000000000000000000000000000000111111111111111111111111111111111111111111111111111111111111110000000000000000000000000000000
00000000000000000000000000000000000011111111111111111111111111111111111111111111111111111111111110000000000000000000000000000000
00000000000000000000000000000000000011111111111111111111111111111111111111111111111111111111111110000000000000000000000000000000
00000000000000000000000000000000000001111111111111111111111111111111111111111111111111111111111100000000000000000000000000000000
00000000000000000000000000000000000000111111111111111111111111111111111111111111111111111111111000000000000000000000000000000000
00000000000000000000000000000000000000011111111111111111111111111111111111111111111111111111100000000000000000000000000000000000
00000000000000000000000000000000000000000111111111111111111111111111111111111111111111111110000000000000000000000000000000000000
00000000000000000000000000000000000000000000000101000000001111111111111111111111111111110000000000000000000000000000000000000000
00000000000000000000000000000000000000000000000000000000000000000000000000000000000000000000000000000000000000000000000000000000
00000000000000000000000000000000000000000000000000000000000000000000000000000000000000000000000000000000000000000000000000000000
00000000000000000000000000000000000000000000000000000000000000000000000000000000000000000000000000000000000000000000000000000000
00000000000000000000000000000000000000000000000000000000000000000000000000000000000000000000000000000000000000000000000000000000
00000000000000000000000000000000000000000000000000000000000000000000000000000000000000000000000000000000000000000000000000000000
00000000000000000000000000000000000000000000000000000000000000000000000000000000000000000000000000000000000000000000000000000000
00000000000000000000000000000000000000000000000000000000000000000000000000000000000000000000000000000000000000000000000000000000
00000000000000000000000000000000000000000000000000000000000000000000000000000000000000000000000000000000000000000000000000000000
00000000000000000000000000000000000000000000000000000000000000000000000000000000000000000000000000000000000000000000000000000000
