00000000000000000000000000000000000000000000000000000000000000000000000000000000000000000000000000000000000000000000000000000000
00000000000000000000000000000000000000000000000000000000000000000000000000000000000000000000000000000000000000000000000000000000
00000000000000000000000000000000000000000000000000000000000000000000000000000000000000000000000000000000000000000000000000000000
00000000000000000000000000000000000000000000000000000000000000000000000000000000000000000000000000000000000000000000000000000000
00000000000000000000000000000000000000000000000000000000000000000000000000000000000000000000000000000000000000000000000000000000
00000000000000000000000000000000000000000000000111111111111000000000000000000000000000000000000000000000000000000000000000000000
00000000000000000000000000000000000000000000001111111111111111110000000000000000000000000000000000000000000000000000000000000000
00000000000000000000000000000000000000000011111111111111111111111000000000000000000000000000000000000000000000000000000000000000
00000000000000000000000000000000000000111111111111111111111111111110000000000000000000000000000000000000000000000000000000000000
00000000000000000000000000000000000000111111111111111111111111111111100000000000000000000000000000000000000000000000000000000000
00000000000000000000000000000000000001111111111111111111111111111111111110000000000000000000000000000000000000000000000000000000
00000000000000000000000000000000000011111111111111111111111111111111111111111000000000000000000000000000000000000000000000000000
00000000000000000000000000000000000111111111111111111111111111111111111111111110000000000000000000000000000000000000000000000000
00000000000000000000000000000001111111111111111111111111111111111111111111111110000000000000000000000000000000000000000000000000
00000000000000000000000000000011111111111111111111111111111111111111111111111111000000000000000000000000000000000000000000000000
00000000000000000000000000000011111111111111111111111111111111111111111111111111000000000000000000000000000000000000000000000000
00000000000000000000000000000111111111111111111111111111111111111111111111111111110000000000000000000000000000000000000000000000
00000000000000000000000000001111111111111111111111111111111111111111111111111111111000000000000000000000000000000000000000000000
00000000000000000000000000011111111111111111111111111111111111111111111111111111111100000000000000000000000000000000000000000000
00000000000000000000000000011111111111111111111111111111111111111111111111111111111110000000000000000000000000000000000000000000
00000000000000000000000000011111111111111111111111111111111100000011111111111111111111100000000000000000000000000000000000000000
00000000000000000000000000111111111111111111111111110000000000000000111111111111111111100000000000000000000000000000000000000000
00000000000000000000000000111111111111111111111110000000000000000000001111111111111111110000000000000000000000000000000000000000
00000000000000000000000000111111111111111111111100000000000000000000000111111111111111111000000000000000000000000000000000000000
00000000000000000000000001111111111111111111100000000000000000000000000011111111111111111000000000000000000000000000000000000000
00000000000000000000000001111111111111111111000000000000000000000000000000111111111111111000000000000000000000000000000000000000
00000000000000000000000001111111111111111110000000000000000000000000000000111111111111111100000000000000000000000000000000000000
00000000000000000000000011111111111111111100000000000000000000000000000000111111111111111100000000000000000000000000000000000000
00000000000000000000000011111111111111110000000000000000000000000000000000011111111111111100000000000000000000000000000000000000
00000000000000000000000011111111111111110000000000000000000000000000000000001111111111111110000000000000000000000000000000000000
00000000000000000000000011111111111111100000000000000000000000000000000000001111111111111111000000000000000000000000000000000000
00000000000000000000000111111111111111100000000000000000000000000000000000000111111111111111000000000000000000000000000000000000
00000000000000000000000111111111111111100000000000000000000000000000000000000111111111111111000000000000000000000000000000000000
00000000000000000000001111111111111111000000000000000000000000000000000000000011111111111111000000000000000000000000000000000000
00000000000000000000001111111111111111000000000000000000000000000000000000000011111111111111000000000000000000000000000000000000
00000000000000000000001111111111111111000000000000000000000000000000000000000011111111111111100000000000000000000000000000000000
00000000000000000000001111111111111111000000000000000000000000000000000000000011111111111111000000000000000000000000000000000000
00000000000000000000001111111111111111000000000000000000000000000000000000000011111111111111000000000000000000000000000000000000
00000000000000000000001111111111111111000000000000000000000000000000000000000001111111111111100000000000000000000000000000000000
00000000000000000000001111111111111111100000000000000000000000000000000000000001111111111111100000000000000000000000000000000000
00000000000000000000001111111111111111000000000000000000000000000000000000000001111111111111100000000000000000000000000000000000
00000000000000000000001111111111111111000000000000000000000000000000000000000001111111111111100000000000000000000000000000000000
00000000000000000000001111111111111111000000000000000000000000000000000000000001111111111111100000000000000000000000000000000000
00000000000000000000001111111111111111000000000000000000000000000000000000000001111111111111100000000000000000000000000000000000
00000000000000000000001111111111111111000000000000000110000000000000000000000000111111111111100000000000000000000000000000000000
00000000000000000000001111111111111111000000001111111111110000000000000000000000111111111111100000000000000000000000000000000000
00000000000000000000001111111111111111000000001111111111111000000000000000000000111111111111100000000000000000000000000000000000
00000000000000000000000111111111111111000000001111111111111000000000000000000000111111111111100000000000000000000000000000000000
00000000000000000000000111111111111111000000001111111111111100000000000000000000111111111111110000000000000000000000000000000000
00000000000000000000000111111111111111100000001111111111111100000000000000000000111111111111100000000000000000000000000000000000
00000000000000000000000111111111111111100000011111111111111100000000000000000000111111111111100000000000000000000000000000000000
00000000000000000000000111111111111111110000011111111111111110000000000000000000111111111111100000000000000000000000000000000000
00000000000000000000000011111111111111110000001111111111111100000000000000000000111111111111100000000000000000000000000000000000
00000000000000000000000011111111111111111000001111111111111100000000000000000000111111111111000000000000000000000000000000000000
00000000000000000000000011111111111111111000011111111111111100000000000000000001111111111111000000000000000000000000000000000000
00000000000000000000000011111111111111111111111111111111111100000000000000000001111111111111000000000000000000000000000000000000
00000000000000000000000001111111111111111111111111111111111100000000000000000001111111111111000000000000000000000000000000000000
00000000000000000000000001111111111111111111111111111111111100000000000000000001111111111111000000000000000000000000000000000000
00000000000000000000000000111111111111111111111111111111111100000000000000000001111111111111000000000000000000000000000000000000
00000000000000000000000000111111111111111111111111111111111100000000000000000011111111111111000000000000000000000000000000000000
00000000000000000000000000111111111111111111111111111111111100000000000000000011111111111111000000000000000000000000000000000000
00000000000000000000000000111111111111111111111111111111110000000000000000000011111111111111000000000000000000000000000000000000
00000000000000000000000000011111111111111111111111111111100000000000000000000011111111111111000000000000000000000000000000000000
00000000000000000000000000011111111111111111111111110000000000000000000000001111111111111111000000000000000000000000000000000000
00000000000000000000000000000011111111111111111111110000000000000000000000001111111111111110000000000000000000000000000000000000
00000000000000000000000000000000011111111111111111110000000000000000000000011111111111111100000000000000000000000000000000000000
00000000000000000000000000000000000000000000000000000000000000000000000000111111111111111100000000000000000000000000000000000000
00000000000000000000000000000000000000000000000000000000000000000000000000111111111111111000000000000000000000000000000000000000
00000000000000000000000000000000000000000000000000000000000000000000000001111111111111111000000000000000000000000000000000000000
00000000000000000000000000000000000000000000000000000000000000000000000001111111111111111000000000000000000000000000000000000000
00000000000000000000000000000000000000000000000000000000000000000000000011111111111111110000000000000000000000000000000000000000
00000000000000000000000000000000000000000000000000000000000000000000000111111111111111110000000000000000000000000000000000000000
00000000000000000000000000000000000000000000000000000000000000000000000111111111111111110000000000000000000000000000000000000000
00000000000000000000000000000000000000000000000000000000000000000000001111111111111111110000000000000000000000000000000000000000
00000000000000000000000000000000000000000000000000000000000000000000001111111111111111100000000000000000000000000000000000000000
00000000000000000000000000000000000000000000000000000000000000000000011111111111111111100000000000000000000000000000000000000000
00000000000000000000000000000000000000000000000000000000000000000000011111111111111111000000000000000000000000000000000000000000
00000000000000000000000000000000000000000000000000000000000000000000111111111111111111000000000000000000000000000000000000000000
00000000000000000000000000000000000000000000000000000000000000000001111111111111111111000000000000000000000000000000000000000000
00000000000000000000000000000000000000000000000000000000000000000011111111111111111110000000000000000000000000000000000000000000
00000000000000000000000000000000000000000000000000000000000000000111111111111111111110000000000000000000000000000000000000000000
00000000000000000000000000000000000000000000000000000000000000001111111111111111111100000000000000000000000000000000000000000000
00000000000000000000000000000000000000000000000000000000000000001111111111111111111100000000000000000000000000000000000000000000
00000000000000000000000000000000000000000000000000000000000000001111111111111111111000000000000000000000000000000000000000000000
00000000000000000000000000000000000000000000000000000000000000011111111111111111111000000000000000000000000000000000000000000000
00000000000000000000000000000000000000000000000000000000000000111111111111111111100000000000000000000000000000000000000000000000
00000000000000000000000000000000000000000000000000000000000001111111111111111111100000000000000000000000000000000000000000000000
00000000000000000000000000000000000000000000000000000000000001111111111111111111100000000000000000000000000000000000000000000000
00000000000000000000000000000000000000000000000000000000000011111111111111111111000000000000000000000000000000000000000000000000
00000000000000000000000000000000000000000000000000000000011111111111111111111111000000000000000000000000000000000000000000000000
00000000000000000000000000000000000000000000000000000000111111111111111111111111000000000000000000000000000000000000000000000000
00000000000000000000000000000000000000000000000000000000111111111111111111111110000000000000000000000000000000000000000000000000
00000000000000000000000000000000000000000000000000000001111111111111111111110000000000000000000000000000000000000000000000000000
00000000000000000000000000000000000000000000000000000111111111111111111111000000000000000000000000000000000000000000000000000000
00000000000000000000000000000000000000000000000000001111111111111111111110000000000000000000000000000000000000000000000000000000
00000000000000000000000000000000000000000000000000111111111111111111111110000000000000000000000000000000000000000000000000000000
00000000000000000000000000000000000000000000000001111111111111111111111110000000000000000000000000000000000000000000000000000000
00000000000000000000000000000000000000000000001111111111111111111111111000000000000000000000000000000000000000000000000000000000
00000000000000000000000000000000000000000000011111111111111111111111111000000000000000000000000000000000000000000000000000000000
00000000000000000000000000000000000000000001111111111111111111111111111000000000000000000000000000000000000000000000000000000000
00000000000000000000000000000000000000000111111111111111111111111111111000000000000000000000000000000000000000000000000000000000
00000000000000000000000000000000000000000111111111111111111111111000000000000000000000000000000000000000000000000000000000000000
00000000000000000000000000000000000001111111111111111111111111100000000000000000000000000000000000000000000000000000000000000000
00000000000000000000000000000000000001111111111111111111111000000000000000000000000000000000000000000000000000000000000000000000
00000000000000000000000000000000000001111111111111111111100000000000000000000000000000000000000000000000000000000000000000000000
00000000000000000000000000000000000001111111111111111111000000000000000000000000000000000000000000000000000000000000000000000000
00000000000000000000000000000000000001111111111111111000000000000000000000000000000000000000000000000000000000000000000000000000
00000000000000000000000000000000000001111111111111100000000000000000000000000000000000000000000000000000000000000000000000000000
00000000000000000000000000000000000000001111111100000000000000000000000000000000000000000000000000000000000000000000000000000000
00000000000000000000000000000000000000000001100000000000000000000000000000000000000000000000000000000000000000000000000000000000
00000000000000000000000000000000000000000000000000000000000000000000000000000000000000000000000000000000000000000000000000000000
00000000000000000000000000000000000000000000000000000000000000000000000000000000000000000000000000000000000000000000000000000000
00000000000000000000000000000000000000000000000000000000000000000000000000000000000000000000000000000000000000000000000000000000
00000000000000000000000000000000000000000000000000000000000000000000000000000000000000000000000000000000000000000000000000000000
00000000000000000000000000000000000000000000000000000000000000000000000000000000000000000000000000000000000000000000000000000000
00000000000000000000000000000000000000000000000000000000000000000000000000000000000000000000000000000000000000000000000000000000
00000000000000000000000000000000000000000000000000000000000000000000000000000000000000000000000000000000000000000000000000000000
00000000000000000000000000000000000000000000000000000000000000000000000000000000000000000000000000000000000000000000000000000000
00000000000000000000000000000000000000000000000000000000000000000000000000000000000000000000000000000000000000000000000000000000
00000000000000000000000000000000000000000000000000000000000000000000000000000000000000000000000000000000000000000000000000000000
00000000000000000000000000000000000000000000000000000000000000000000000000000000000000000000000000000000000000000000000000000000
00000000000000000000000000000000000000000000000000000000000000000000000000000000000000000000000000000000000000000000000000000000
00000000000000000000000000000000000000000000000000000000000000000000000000000000000000000000000000000000000000000000000000000000
00000000000000000000000000000000000000000000000000000000000000000000000000000000000000000000000000000000000000000000000000000000
00000000000000000000000000000000000000000000000000000000000000000000000000000000000000000000000000000000000000000000000000000000
00000000000000000000000000000000000000000000000000000000000000000000000000000000000000000000000000000000000000000000000000000000
00000000000000000000000000000000000000000000000000000000000000000000000000000000000000000000000000000000000000000000000000000000
00000000000000000000000000000000000000000000000000000000000000000000000000000000000000000000000000000000000000000000000000000000
