00000000000000000000000000000000000000000000000000000000000000000000000000000000000000000000000000000000000000000000000000000000
00000000000000000000000000000000000000000000000000000000000000000000000000000000000000000000000000000000000000000000000000000000
00000000000000000000000000000000000000000000000000000000000000000000000000000000000000000000000000000000000000000000000000000000
00000000000000000000000000000000000000000000000000000000000000000000000000000000000000000000000000000000000000000000000000000000
00000000000000000000000000000000000000000000000000000000000000000000000000000000000000000000000000000000000000000000000000000000
00000000000000000000000000000000000000000000000000000000000000000000000000000000000000000000000000000000000000000000000000000000
00000000000000000000000000000000000000000000000000000000000000000000000000000000000000000000000000000000000000000000000000000000
00000000000000000000000000000000000000000000000000000000000000000000000000000000000000000000000000000000000000000000000000000000
00000000000000000000000000000000000000000000000000000000000000000000000000000000000000000000000000000000000000000000000000000000
00000000000000000000000000000000000000000000000000000000000000000000000000000000000000000000000000000000000000000000000000000000
00000000000000000000000000000000000000000000000000000000000000000000000000000000000000000000000000000000000000000000000000000000
00000000000000000000000000000000000000000000000000000000000000000000000000000000000000000000000000000000000000000000000000000000
00000000000000000000000000000000000000000000000000000000000000000000000000000000000000000000000000000000000000000000000000000000
00000000000000000000000000000000000000000000000000000000000000000000000000000000000000000000000000000000000000000000000000000000
00000000000000000000000000000000000000000000000000000000000000000000000000000000000000000000000000000000000000000000000000000000
00000000000000000000000000000000000000000000001111111111111111111111111000000000000000000000000000000000000000000000000000000000
00000000000000000000000000000000000000000001111111111111111111111111111111111100000000000000000000000000000000000000000000000000
00000000000000000000000000000000000000000111111111111111111111111111111111111110000000000000000000000000000000000000000000000000
00000000000000000000000000000000000000111111111111111111111111111111111111111111100000000000000000000000000000000000000000000000
00000000000000000000000000000000000111111111111111111111111111111111111111111111111000000000000000000000000000000000000000000000
00000000000000000000000000000001111111111111111111111111111111111111111111111111111110000000000000000000000000000000000000000000
00000000000000000000000000000111111111111111111111111111111111111111111111111111111111000000000000000000000000000000000000000000
00000000000000000000000000001111111111111111111111111111111111111111111111111111111111100000000000000000000000000000000000000000
00000000000000000000000000111111111111111111111111111111111111111111111111111111111111110000000000000000000000000000000000000000
00000000000000000000000011111111111111111111111111111111111111111111111111111111111111111000000000000000000000000000000000000000
00000000000000000000001111111111111111111111111111111111111111111111111111111111111111111000000000000000000000000000000000000000
00000000000000000000011111111111111111111111111111111111111111111111111111111111111111111100000000000000000000000000000000000000
00000000000000000000011111111111111111111111111111111111111111111111111111111111111111111100000000000000000000000000000000000000
00000000000000000000011111111111111111111111111111111111111111111111111111111111111111111100000000000000000000000000000000000000
00000000000000000000011111111111111111111111111111111111111111111111111111111111111111111111000000000000000000000000000000000000
00000000000000000000111111111111111111111111111111111111111111111111111111111111111111111111000000000000000000000000000000000000
00000000000000000001111111111111111111111111111111111111111000000111111111111111111111111111000000000000000000000000000000000000
00000000000000000001111111111111111111111111111111111110000000000000000011111111111111111111000000000000000000000000000000000000
00000000000000000001111111111111111111111111111110000000000000000000000011111111111111111111100000000000000000000000000000000000
00000000000000000011111111111111111111111111111000000000000000000000000000011111111111111111110000000000000000000000000000000000
00000000000000000011111111111111111111111111000000000000000000000000000000011111111111111111110000000000000000000000000000000000
00000000000000000011111111111111111111111110000000000000000000000000000000001111111111111111110000000000000000000000000000000000
00000000000000000111111111111111111111111000000000000000000000000000000000000111111111111111111000000000000000000000000000000000
00000000000000000111111111111111111111100000000000000000000000000000000000000011111111111111111000000000000000000000000000000000
00000000000000001111111111111111111111000000000000000000000000000000000000000001111111111111111100000000000000000000000000000000
00000000000000001111111111111111111111000000000000000000000000000000000000000001111111111111111100000000000000000000000000000000
00000000000000001111111111111111111110000000010000000000000000000000000000000001111111111111111100000000000000000000000000000000
00000000000000001111111111111111111100011111111111111110000000000000000000000001111111111111111100000000000000000000000000000000
00000000000000001111111111111111111000011111111111111110000000000000000000000001111111111111111100000000000000000000000000000000
00000000000000001111111111111111111000011111111111111111000000000000000000000001111111111111111110000000000000000000000000000000
00000000000000001111111111111111111000111111111111111111000000000000000000000001111111111111111110000000000000000000000000000000
00000000000000001111111111111111111000111111111111111111000000000000000000000000111111111111111110000000000000000000000000000000
00000000000000001111111111111111111000111111111111111111000000000000000000000001111111111111111110000000000000000000000000000000
00000000000000001111111111111111111100111111111111111111100000000000000000000000111111111111111110000000000000000000000000000000
00000000000000001111111111111111111110111111111111111111000000000000000000000000111111111111111110000000000000000000000000000000
00000000000000001111111111111111111110011111111111111111000000000000000000000000111111111111111110000000000000000000000000000000
00000000000000001111111111111111111110000111111111111111000000000000000000000000111111111111111110000000000000000000000000000000
00000000000000001111111111111111111110000111111111111111000000000000000000000000111111111111111110000000000000000000000000000000
00000000000000001111111111111111111110000111111111111111000000000000000000000000111111111111111110000000000000000000000000000000
00000000000000001111111111111111111111111111111111111111000000000000000000000000111111111111111110000000000000000000000000000000
00000000000000000111111111111111111111111111111111111111000000000000000000000000111111111111111110000000000000000000000000000000
00000000000000000001111111111111111111111111111111111111000000000000000000000000111111111111111110000000000000000000000000000000
00000000000000000001111111111111111111111111111111111111000000000000000000000001111111111111111110000000000000000000000000000000
00000000000000000000111111111111111111111111111111111110000000000000000000000001111111111111111110000000000000000000000000000000
00000000000000000000111111111111111111111111111111111110000000000000000000000011111111111111111110000000000000000000000000000000
00000000000000000000011111111111111111111111111111111100000000000000000000000011111111111111111111000000000000000000000000000000
00000000000000000000001111111111111111111111111111000000000000000000000000000111111111111111111110000000000000000000000000000000
00000000000000000000000111111111111111111111111110000000000000000000000000000111111111111111111110000000000000000000000000000000
00000000000000000000000011111111111111111111111110000000000000000000000000001111111111111111111110000000000000000000000000000000
00000000000000000000000000000111111111111111000000000000000000000000000000001111111111111111111110000000000000000000000000000000
00000000000000000000000000000000000001100000000000000000000000000000000000011111111111111111111110000000000000000000000000000000
00000000000000000000000000000000000000000000000000000000000000000000000000011111111111111111111100000000000000000000000000000000
00000000000000000000000000000000000000000000000000000000000000000000000000011111111111111111111100000000000000000000000000000000
00000000000000000000000000000000000000000000000000000000000000000000000000011111111111111111111100000000000000000000000000000000
00000000000000000000000000000000000000000000000000000000000000000000000000011111111111111111111000000000000000000000000000000000
00000000000000000000000000000000000000000000000000000000000000000000000000111111111111111111111000000000000000000000000000000000
00000000000000000000000000000000000000000000000000000000000000000000000001111111111111111111110000000000000000000000000000000000
00000000000000000000000000000000000000000000000000000000000000000000000011111111111111111111100000000000000000000000000000000000
00000000000000000000000000000000000000000000000000000000000000000000000011111111111111111111100000000000000000000000000000000000
00000000000000000000000000000000000000000000000000000000000000000000001111111111111111111111000000000000000000000000000000000000
00000000000000000000000000000000000000000000000000000000000000000000011111111111111111111111000000000000000000000000000000000000
00000000000000000000000000000000000000000000000000000000000000000000011111111111111111111110000000000000000000000000000000000000
00000000000000000000000000000000000000000000000000000000000000000000111111111111111111111100000000000000000000000000000000000000
00000000000000000000000000000000000000000000000000000000000000000001111111111111111111111100000000000000000000000000000000000000
00000000000000000000000000000000000000000000000000000000000000000001111111111111111111111100000000000000000000000000000000000000
00000000000000000000000000000000000000000000000000000000000000011111111111111111111111111000000000000000000000000000000000000000
00000000000000000000000000000000000000000000000000000000000000111111111111111111111111100000000000000000000000000000000000000000
00000000000000000000000000000000000000000000000000000000000001111111111111111111111111100000000000000000000000000000000000000000
00000000000000000000000000000000000000000000000000000000000011111111111111111111111111000000000000000000000000000000000000000000
00000000000000000000000000000000000000000000000000000000000011111111111111111111111110000000000000000000000000000000000000000000
00000000000000000000000000000000000000000000000000000000000111111111111111111111111110000000000000000000000000000000000000000000
00000000000000000000000000000000000000000000000000000000011111111111111111111111111100000000000000000000000000000000000000000000
00000000000000000000000000000000000000000000000000000000111111111111111111111111111000000000000000000000000000000000000000000000
00000000000000000000000000000000000000000000000000000001111111111111111111111111100000000000000000000000000000000000000000000000
00000000000000000000000000000000000000000000000000000011111111111111111111111110000000000000000000000000000000000000000000000000
00000000000000000000000000000000000000000000000000000111111111111111111111111110000000000000000000000000000000000000000000000000
00000000000000000000000000000000000000000000000000011111111111111111111111111100000000000000000000000000000000000000000000000000
00000000000000000000000000000000000000000000000000111111111111111111111111110000000000000000000000000000000000000000000000000000
00000000000000000000000000000000000000000000000011111111111111111111111111100000000000000000000000000000000000000000000000000000
00000000000000000000000000000000000000000000000111111111111111111111111111000000000000000000000000000000000000000000000000000000
00000000000000000000000000000000000000000000001111111111111111111111111110000000000000000000000000000000000000000000000000000000
00000000000000000000000000000000000000000011111111111111111111111111111100000000000000000000000000000000000000000000000000000000
00000000000000000000000000000000000000000111111111111111111111111111110000000000000000000000000000000000000000000000000000000000
00000000000000000000000000000000000000001111111111111111111111111111100000000000000000000000000000000000000000000000000000000000
00000000000000000000000000000000000000111111111111111111111111111111000000000000000000000000000000000000000000000000000000000000
00000000000000000000000000000000000001111111111111111111111111111110000000000000000000000000000000000000000000000000000000000000
00000000000000000000000000000000000111111111111111111111111111111100000000000000000000000000000000000000000000000000000000000000
00000000000000000000000000000000001111111111111111111111111111111000000000000000000000000000000000000000000000000000000000000000
00000000000000000000000000000000111111111111111111111111111111100000000000000000000000000000000000000000000000000000000000000000
00000000000000000000000000000011111111111111111111111111111111000000000000000000000000000000000000000000000000000000000000000000
00000000000000000000000000000111111111111111111111111111111111000000000000000000000000000000000000000000000000000000000000000000
00000000000000000000000000011111111111111111111111111111111100000000000000000000000000000000000000000000000000000000000000000000
00000000000000000000000001111111111111111111111111111111111000000000000000000000000000000000000000000000000000000000000000000000
00000000000000000000000011111111111111111111111111111111100000000000000000000000000000000000000000000000000000000000000000000000
00000000000000000000000011111111111111111111111111111110000000000000000000000000000000000000000000000000000000000000000000000000
00000000000000000000000111111111111111111111111111110000000000000000000000000000000000000000000000000000000000000000000000000000
00000000000000000000000111111111111111111111111110000000000000000000000000000000000000000000000000000000000000000000000000000000
00000000000000000000000111111111111111111111110000000000000000000000000000000000000000000000000000000000000000000000000000000000
00000000000000000000001111111111111111111111000000000000000000000000000000000000000000000000000000000000000000000000000000000000
00000000000000000000000111111111111111111100000000000000000000000000000000000000000000000000000000000000000000000000000000000000
00000000000000000000000111111111111111110000000000000000000000000000000000000000000000000000000000000000000000000000000000000000
00000000000000000000000111111111111111110000000000000000000000000000000000000000000000000000000000000000000000000000000000000000
00000000000000000000000011111111111110000000000000000000000000000000000000000000000000000000000000000000000000000000000000000000
00000000000000000000000000001110000000000000000000000000000000000000000000000000000000000000000000000000000000000000000000000000
00000000000000000000000000000000000000000000000000000000000000000000000000000000000000000000000000000000000000000000000000000000
00000000000000000000000000000000000000000000000000000000000000000000000000000000000000000000000000000000000000000000000000000000
00000000000000000000000000000000000000000000000000000000000000000000000000000000000000000000000000000000000000000000000000000000
00000000000000000000000000000000000000000000000000000000000000000000000000000000000000000000000000000000000000000000000000000000
00000000000000000000000000000000000000000000000000000000000000000000000000000000000000000000000000000000000000000000000000000000
00000000000000000000000000000000000000000000000000000000000000000000000000000000000000000000000000000000000000000000000000000000
00000000000000000000000000000000000000000000000000000000000000000000000000000000000000000000000000000000000000000000000000000000
00000000000000000000000000000000000000000000000000000000000000000000000000000000000000000000000000000000000000000000000000000000
00000000000000000000000000000000000000000000000000000000000000000000000000000000000000000000000000000000000000000000000000000000
