00000000000000000000000000000000000000000000000000000000000000000000000000000000000000000000000000000000000000000000000000000000
00000000000000000000000000000000000000000000000000000000000000000000000000000000000000000000000000000000000000000000000000000000
00000000000000000000000000000000000000000000000000000000000000000000000000000000000000000000000000000000000000000000000000000000
00000000000000000000000000000000000000000000000000000000000000000000000000000000000000000000000000000000000000000000000000000000
00000000000000000000000000000000000000000000000000000000000000000000000000000000000000000000000000000000000000000000000000000000
00000000000000000000000000000000000000000000000000000000000000000000000000000000000000000000000000000000000000000000000000000000
00000000000000000000000000000000000000000000000111111110000000000000000000000000000000000000000000000000000000000000000000000000
00000000000000000000000000000000000000000000011111111111111100000000000000000000000000000000000000000000000000000000000000000000
00000000000000000000000000000000000000000011111111111111111111111100000000000000000000000000000000000000000000000000000000000000
00000000000000000000000000000000000000111111111111111111111111111111111000000000000000000000000000000000000000000000000000000000
00000000000000000000000000000000001111111111111111111111111111111111111111100000000000000000000000000000000000000000000000000000
00000000000000000000000000000000011111111111111111111111111111111111111111110000000000000000000000000000000000000000000000000000
00000000000000000000000000000000111111111111111111111111111111111111111111111110000000000000000000000000000000000000000000000000
00000000000000000000000000000001111111111111111111111111111111111111111111111111000000000000000000000000000000000000000000000000
00000000000000000000000000000011111111111111111111111111111111111111111111111111000000000000000000000000000000000000000000000000
00000000000000000000000000000111111111111111111111111111111111111111111111111111100000000000000000000000000000000000000000000000
00000000000000000000000000001111111111111111111111111111111111111111111111111111110000000000000000000000000000000000000000000000
00000000000000000000000000011111111111111111111111111111111111111111111111111111111100000000000000000000000000000000000000000000
00000000000000000000000000011111111111111111111111111111111111111111111111111111111111000000000000000000000000000000000000000000
00000000000000000000000000011111111111111111111111111111111111111111111111111111111111000000000000000000000000000000000000000000
00000000000000000000000000111111111111111111111111111111111111111111111111111111111111000000000000000000000000000000000000000000
00000000000000000000000001111111111111111111111111111111111111111111111111111111111111100000000000000000000000000000000000000000
00000000000000000000000011111111111111111111111111111111111111111111111111111111111111110000000000000000000000000000000000000000
00000000000000000000000011111111111111111111111111111111111111111111111111111111111111111000000000000000000000000000000000000000
00000000000000000000000011111111111111111111111111000000000100000000000011111111111111111000000000000000000000000000000000000000
00000000000000000000000111111111111111111111100000000000000000000000000011111111111111111000000000000000000000000000000000000000
00000000000000000000001111111111111111111110000000000000000000000000000001111111111111111100000000000000000000000000000000000000
00000000000000000000001111111111111111111110000000000000000000000000000001111111111111111100000000000000000000000000000000000000
00000000000000000000001111111111111111111000000000000000000000000000000000111111111111111100000000000000000000000000000000000000
00000000000000000000011111111111111111110000000000000000000000000000000000111111111111111100000000000000000000000000000000000000
00000000000000000000111111111111111111100000000000000000000000000000000000011111111111111100000000000000000000000000000000000000
00000000000000000000111111111111111110000000000000000000000000000000000000011111111111111100000000000000000000000000000000000000
00000000000000000001111111111111111110000000000000000000000000000000000000001111111111111110000000000000000000000000000000000000
00000000000000000001111111111111111100000000000000000000000000000000000000001111111111111100000000000000000000000000000000000000
00000000000000000011111111111111111000000000000000000000000000000000000000001111111111111100000000000000000000000000000000000000
00000000000000000011111111111111111000000000000000000000000000000000000000011111111111111100000000000000000000000000000000000000
00000000000000000011111111111111111000000000000000000000000000000000000000011111111111111100000000000000000000000000000000000000
00000000000000000011111111111111110000000000000000000000000000000000000000011111111111111100000000000000000000000000000000000000
00000000000000000011111111111111110000000000000000000000000000000000000000111111111111111100000000000000000000000000000000000000
00000000000000000011111111111111100000000000000000000000000000000000000000111111111111111100000000000000000000000000000000000000
00000000000000000011111111111111100000011111100000000000000000000000000000011111111111111100000000000000000000000000000000000000
00000000000000000011111111111111100000011111111000000000000000000000000000011111111111111100000000000000000000000000000000000000
00000000000000000011111111111111100001111111111100000000000000000000000000111111111111111100000000000000000000000000000000000000
00000000000000000011111111111111100001111111111100000000000000000000000000111111111111111100000000000000000000000000000000000000
00000000000000000011111111111111100001111111111100000000000000000000000000111111111111111000000000000000000000000000000000000000
00000000000000000011111111111111100001111111111110000000000000000000000000111111111111111000000000000000000000000000000000000000
00000000000000000011111111111111100001111111111110000000000000000000000000111111111111111000000000000000000000000000000000000000
00000000000000000011111111111111110001111111111110000000000000000000000001111111111111111000000000000000000000000000000000000000
00000000000000000011111111111111110000011111111111000000000000000000000011111111111111110000000000000000000000000000000000000000
00000000000000000011111111111111110000001111111111000000000000000000000011111111111111110000000000000000000000000000000000000000
00000000000000000001111111111111110000001111111111000000000000000000000011111111111111110000000000000000000000000000000000000000
00000000000000000001111111111111111000001111111111000000000000000000000011111111111111110000000000000000000000000000000000000000
00000000000000000001111111111111111100001111111111000000000000000000000111111111111111100000000000000000000000000000000000000000
00000000000000000001111111111111111111111111111111100000000000000000000111111111111111100000000000000000000000000000000000000000
00000000000000000001111111111111111111111111111111000000000000000000001111111111111111100000000000000000000000000000000000000000
00000000000000000000111111111111111111111111111111000000000000000000011111111111111111000000000000000000000000000000000000000000
00000000000000000000111111111111111111111111111110000000000000000000011111111111111111000000000000000000000000000000000000000000
00000000000000000000111111111111111111111111111000000000000000000000011111111111111111000000000000000000000000000000000000000000
00000000000000000000011111111111111111111111110000000000000000000000111111111111111111000000000000000000000000000000000000000000
00000000000000000000011111111111111111111111110000000000000000000000111111111111111111000000000000000000000000000000000000000000
00000000000000000000011111111111111111111111100000000000000000000001111111111111111110000000000000000000000000000000000000000000
00000000000000000000001111111111111111111100000000000000000000000001111111111111111110000000000000000000000000000000000000000000
00000000000000000000000111111111111111100000000000000000000000000111111111111111111100000000000000000000000000000000000000000000
00000000000000000000000011111111111000000000000000000000000000001111111111111111111100000000000000000000000000000000000000000000
00000000000000000000000000001000000000000000000000000000000000011111111111111111111000000000000000000000000000000000000000000000
00000000000000000000000000000000000000000000000000000000000000111111111111111111111000000000000000000000000000000000000000000000
00000000000000000000000000000000000000000000000000000000000000111111111111111111111000000000000000000000000000000000000000000000
00000000000000000000000000000000000000000000000000000000000001111111111111111111110000000000000000000000000000000000000000000000
00000000000000000000000000000000000000000000000000000000000011111111111111111111100000000000000000000000000000000000000000000000
00000000000000000000000000000000000000000000000000000000001111111111111111111111000000000000000000000000000000000000000000000000
00000000000000000000000000000000000000000000000000000000011111111111111111111111000000000000000000000000000000000000000000000000
00000000000000000000000000000000000000000000000000000000011111111111111111111111000000000000000000000000000000000000000000000000
00000000000000000000000000000000000000000000000000000000111111111111111111111110000000000000000000000000000000000000000000000000
00000000000000000000000000000000000000000000000000000001111111111111111111111100000000000000000000000000000000000000000000000000
00000000000000000000000000000000000000000000000000000111111111111111111111111000000000000000000000000000000000000000000000000000
00000000000000000000000000000000000000000000000000000111111111111111111111111000000000000000000000000000000000000000000000000000
00000000000000000000000000000000000000000000000000001111111111111111111111110000000000000000000000000000000000000000000000000000
00000000000000000000000000000000000000000000000000011111111111111111111111100000000000000000000000000000000000000000000000000000
00000000000000000000000000000000000000000000000001111111111111111111111111100000000000000000000000000000000000000000000000000000
00000000000000000000000000000000000000000000000011111111111111111111111111100000000000000000000000000000000000000000000000000000
00000000000000000000000000000000000000000000000111111111111111111111111111000000000000000000000000000000000000000000000000000000
00000000000000000000000000000000000000000000001111111111111111111111111111000000000000000000000000000000000000000000000000000000
00000000000000000000000000000000000000000000111111111111111111111111111110000000000000000000000000000000000000000000000000000000
00000000000000000000000000000000000000000000111111111111111111111111111100000000000000000000000000000000000000000000000000000000
00000000000000000000000000000000000000000011111111111111111111111111111100000000000000000000000000000000000000000000000000000000
00000000000000000000000000000000000000000111111111111111111111111111111000000000000000000000000000000000000000000000000000000000
00000000000000000000000000000000000000011111111111111111111111111111100000000000000000000000000000000000000000000000000000000000
00000000000000000000000000000000000000011111111111111111111111111110000000000000000000000000000000000000000000000000000000000000
00000000000000000000000000000000000000111111111111111111111111111100000000000000000000000000000000000000000000000000000000000000
00000000000000000000000000000000000001111111111111111111111111111000000000000000000000000000000000000000000000000000000000000000
00000000000000000000000000000000000011111111111111111111111111100000000000000000000000000000000000000000000000000000000000000000
00000000000000000000000000000000000011111111111111111111111110000000000000000000000000000000000000000000000000000000000000000000
00000000000000000000000000000000000111111111111111111111111000000000000000000000000000000000000000000000000000000000000000000000
00000000000000000000000000000000001111111111111111111111111000000000000000000000000000000000000000000000000000000000000000000000
00000000000000000000000000000000011111111111111111111111110000000000000000000000000000000000000000000000000000000000000000000000
00000000000000000000000000000000111111111111111111111111000000000000000000000000000000000000000000000000000000000000000000000000
00000000000000000000000000000011111111111111111111111100000000000000000000000000000000000000000000000000000000000000000000000000
00000000000000000000000000001111111111111111111111110000000000000000000000000000000000000000000000000000000000000000000000000000
00000000000000000000000000011111111111111111111111100000000000000000000000000000000000000000000000000000000000000000000000000000
00000000000000000000000000111111111111111111111111000000000000000000000000000000000000000000000000000000000000000000000000000000
00000000000000000000000001111111111111111111111100000000000000000000000000000000000000000000000000000000000000000000000000000000
00000000000000000000000011111111111111111111111100000000000000000000000000000000000000000000000000000000000000000000000000000000
00000000000000000000000011111111111111111111111000000000000000000000000000000000000000000000000000000000000000000000000000000000
00000000000000000000000011111111111111111111100000000000000000000000000000000000000000000000000000000000000000000000000000000000
00000000000000000000001111111111111111111111000000000000000000000000000000000000000000000000000000000000000000000000000000000000
00000000000000000000001111111111111111111110000000000000000000000000000000000000000000000000000000000000000000000000000000000000
00000000000000000000001111111111111111111100000000000000000000000000000000000000000000000000000000000000000000000000000000000000
00000000000000000000001111111111111111111000000000000000000000000000000000000000000000000000000000000000000000000000000000000000
00000000000000000000001111111111111111000000000000000000000000000000000000000000000000000000000000000000000000000000000000000000
00000000000000000000001111111111111110000000000000000000000000000000000000000000000000000000000000000000000000000000000000000000
00000000000000000000001111111111000000000000000000000000000000000000000000000000000000000000000000000000000000000000000000000000
00000000000000000000000000000000000000000000000000000000000000000000000000000000000000000000000000000000000000000000000000000000
00000000000000000000000000000000000000000000000000000000000000000000000000000000000000000000000000000000000000000000000000000000
00000000000000000000000000000000000000000000000000000000000000000000000000000000000000000000000000000000000000000000000000000000
00000000000000000000000000000000000000000000000000000000000000000000000000000000000000000000000000000000000000000000000000000000
00000000000000000000000000000000000000000000000000000000000000000000000000000000000000000000000000000000000000000000000000000000
00000000000000000000000000000000000000000000000000000000000000000000000000000000000000000000000000000000000000000000000000000000
00000000000000000000000000000000000000000000000000000000000000000000000000000000000000000000000000000000000000000000000000000000
00000000000000000000000000000000000000000000000000000000000000000000000000000000000000000000000000000000000000000000000000000000
00000000000000000000000000000000000000000000000000000000000000000000000000000000000000000000000000000000000000000000000000000000
00000000000000000000000000000000000000000000000000000000000000000000000000000000000000000000000000000000000000000000000000000000
00000000000000000000000000000000000000000000000000000000000000000000000000000000000000000000000000000000000000000000000000000000
00000000000000000000000000000000000000000000000000000000000000000000000000000000000000000000000000000000000000000000000000000000
00000000000000000000000000000000000000000000000000000000000000000000000000000000000000000000000000000000000000000000000000000000
00000000000000000000000000000000000000000000000000000000000000000000000000000000000000000000000000000000000000000000000000000000
00000000000000000000000000000000000000000000000000000000000000000000000000000000000000000000000000000000000000000000000000000000
00000000000000000000000000000000000000000000000000000000000000000000000000000000000000000000000000000000000000000000000000000000
00000000000000000000000000000000000000000000000000000000000000000000000000000000000000000000000000000000000000000000000000000000
