00000000000000000000000000000000000000000000000000000000000000000000000000000000000000000000000000000000000000000000000000000000
00000000000000000000000000000000000000000000000000000000000000000000000000000000000000000000000000000000000000000000000000000000
00000000000000000000000000000000000000000000000000000000000000000000000000000000000000000000000000000000000000000000000000000000
00000000000000000000000000000000000000000000000000000000000000000000000000000000000000000000000000000000000000000000000000000000
00000000000000000000000000000000000000000000000000000000000000000000000000000000000000000000000000000000000000000000000000000000
00000000000000000000000000000000000000000000000000000000000000000000000000000000000000000000000000000000000000000000000000000000
00000000000000000000000000000000000000000000000000000000000000000000000000000000000000000000000000000000000000000000000000000000
00000000000000000000000000000000000000000000000000000000000000000000000000000000000000000000000000000000000000000000000000000000
00000000000000000000000000000000001100000000000010000000000000000000000000000000000000000000000000000000000000000000000000000000
00000000000000000000000000000011111111111111111111111100000000000000000000000000000000000000000000000000000000000000000000000000
00000000000000000000000000000111111111111111111111111111000000000000000000000000000000000000000000000000000000000000000000000000
00000000000000000000000000000111111111111111111111111111110000000000000000000000000000000000000000000000000000000000000000000000
00000000000000000000000000000111111111111111111111111111111110000000000000000000000000000000000000000000000000000000000000000000
00000000000000000000000000011111111111111111111111111111111111000000000000000000000000000000000000000000000000000000000000000000
00000000000000000000000001111111111111111111111111111111111111100000000000000000000000000000000000000000000000000000000000000000
00000000000000000000000001111111111111111111111111111111111111111000000000000000000000000000000000000000000000000000000000000000
00000000000000000000000011111111111111111111111111111111111111111111000000000000000000000000000000000000000000000000000000000000
00000000000000000000000011111111111111111111111111111111111111111111111000000000000000000000000000000000000000000000000000000000
00000000000000000000000011111111111111111111111111111111111111111111111110000000000000000000000000000000000000000000000000000000
00000000000000000000000111111111111111111111111111111111111111111111111111100000000000000000000000000000000000000000000000000000
00000000000000000000001111111111111111111111111111111111111111111111111111111000000000000000000000000000000000000000000000000000
00000000000000000000011111111111111111111111111111111111111111111111111111111111000000000000000000000000000000000000000000000000
00000000000000000000111111111111111111111111111111111111111111111111111111111111110000000000000000000000000000000000000000000000
00000000000000000000111111111111111111111111111111111111111111111111111111111111111100000000000000000000000000000000000000000000
00000000000000000001111111111111111000000000000000000001111111111111111111111111111111000000000000000000000000000000000000000000
00000000000000000001111111111111110000000000000000000000000111111111111111111111111111110000000000000000000000000000000000000000
00000000000000000001111111111111110000000000000000000000000000111111111111111111111111111000000000000000000000000000000000000000
00000000000000000011111111111111110000000000000000000000000000001111111111111111111111111110000000000000000000000000000000000000
00000000000000000011111111111111100000000000000000000000000000000000111111111111111111111111100000000000000000000000000000000000
00000000000000000011111111111111100000000000000000000000000000000000000111111111111111111111100000000000000000000000000000000000
00000000000000000111111111111111000000000000000000000000000000000000000001111111111111111111111000000000000000000000000000000000
00000000000000000111111111111111000000000000000000000000000000000000000000001111111111111111111100000000000000000000000000000000
00000000000000000111111111111111000000000000000000000000000000000000000000000011111111111111111110000000000000000000000000000000
00000000000000000111111111111111000000000000000000000000000000000000000000000000111111111111111111000000000000000000000000000000
00000000000000000111111111111111000000000000000000000000000000000000000000000000001111111111111111100000000000000000000000000000
00000000000000001111111111111111000000000000000000000000000000000000000000000000000011111111111111100000000000000000000000000000
00000000000000000111111111111111000000000000000000000000000000000000000000000000000000111111111111110000000000000000000000000000
00000000000000000111111111111111000000000000000000000000000000000000000000000000000000111111111111111000000000000000000000000000
00000000000000000111111111111111000000000000000010000000000000000000000000000000000000111111111111111100000000000000000000000000
00000000000000000111111111111111000000000011111111110000000000000000000000000000000000111111111111111100000000000000000000000000
00000000000000000111111111111111000000000111111111111000000000000000000000000000000000011111111111111110000000000000000000000000
00000000000000000111111111111111000000000111111111111000000000000000000000000000000000011111111111111110000000000000000000000000
00000000000000000111111111111111000000001111111111111000000000000000000000000000000000011111111111111110000000000000000000000000
00000000000000000111111111111111100000001111111111111100000000000000000000000000000000001111111111111111000000000000000000000000
00000000000000001111111111111111110001111111111111111100000000000000000000000000000000001111111111111111000000000000000000000000
00000000000000000111111111111111111111111111111111111100000000000000000000000000000000001111111111111111000000000000000000000000
00000000000000000111111111111111111111111111111111111110000000000000000000000000000000001111111111111111000000000000000000000000
00000000000000000111111111111111111111111111111111111110000000000000000000000000000000001111111111111111000000000000000000000000
00000000000000000011111111111111111111111111111111111110000000000000000000000000000000001111111111111111100000000000000000000000
00000000000000000011111111111111111111111111111111111111000000000000000000000000000000001111111111111111100000000000000000000000
00000000000000000001111111111111111001011111111111111111000000000000000000000000000000001111111111111111000000000000000000000000
00000000000000000001111111111111111001011111111111111110000000000000000000000000000000001111111111111111000000000000000000000000
00000000000000000000111111111111111111111111111111111110000000000000000000000000000000001111111111111100000000000000000000000000
00000000000000000000011111111111111111111111111111111110000000000000000000000000000000001111111111111100000000000000000000000000
00000000000000000000001111111111111111111111111111111110000000000000000000000000000000001111111111111100000000000000000000000000
00000000000000000000000111111111111111111111111111111110000000000000000000000000000000001111111111111100000000000000000000000000
00000000000000000000000111111111111111111111111111111000000000000000000000000000000000001111111111111100000000000000000000000000
00000000000000000000000011111111111111111111111111110000000000000000000000000000000000001111111111111000000000000000000000000000
00000000000000000000000011111111111111111111111110000000000000000000000000000000000000001111111111110000000000000000000000000000
00000000000000000000000001111111111111111111111000000000000000000000000000000000000000001111111111110000000000000000000000000000
00000000000000000000000000001111111111111110000000000000000000000000000000000000000000001111111111110000000000000000000000000000
00000000000000000000000000000000010000010000000000000000000000000000000000000000000000001111111111110000000000000000000000000000
00000000000000000000000000000000000000000000000000000000000000000000000000000000000000001111111111110000000000000000000000000000
00000000000000000000000000000000000000000000000000000000000000000000000000000000000000001111111111100000000000000000000000000000
00000000000000000000000000000000000000000000000000000000000000000000000000000000000000011111111111100000000000000000000000000000
00000000000000000000000000000000000000000000000000000000000000000000000000000000000000011111111111100000000000000000000000000000
00000000000000000000000000000000000000000000000000000000000000000000000000000000000000011111111111100000000000000000000000000000
00000000000000000000000000000000000000000000000000000000000000000000000000000000000000111111111111000000000000000000000000000000
00000000000000000000000000000000000000000000000000000000000000000000000000000000000000111111111111000000000000000000000000000000
00000000000000000000000000000000000000000000000000000000000000000000000000000000000001111111111111000000000000000000000000000000
00000000000000000000000000000000000000000000000000000000000000000000000000000000000001111111111111000000000000000000000000000000
00000000000000000000000000000000000000000000000000000000000000000000000000000000000001111111111110000000000000000000000000000000
00000000000000000000000000000000000000000000000000000000000000000000000000000000000011111111111110000000000000000000000000000000
00000000000000000000000000000000000000000000000000000000000000000000000000000000000011111111111100000000000000000000000000000000
00000000000000000000000000000000000000000000000000000000000000000000000000000000000011111111111100000000000000000000000000000000
00000000000000000000000000000000000000000000000000000000000000000000000000000000000111111111111100000000000000000000000000000000
00000000000000000000000000000000000000000000000000000000000000000000000000000000001111111111111100000000000000000000000000000000
00000000000000000000000000000000000000000000000000000000000000000000000000000000001111111111111000000000000000000000000000000000
00000000000000000000000000000000000000000000000000000000000000000000000000000000111111111111111000000000000000000000000000000000
00000000000000000000000000000000000000000000000000000000000000000000000000000000111111111111111000000000000000000000000000000000
00000000000000000000000000000000000000000000000000000000000000000000000000000001111111111111110000000000000000000000000000000000
00000000000000000000000000000000000000000000000000000000000000000000000000000011111111111111110000000000000000000000000000000000
00000000000000000000000000000000000000000000000000000000000000000000000000000111111111111111100000000000000000000000000000000000
00000000000000000000000000000000000000000000000000000000000000000000000000001111111111111111100000000000000000000000000000000000
00000000000000000000000000000000000000000000000000000000000000000000000000011111111111111111000000000000000000000000000000000000
00000000000000000000000000000000000000000000000000000000000000000000000000111111111111111111000000000000000000000000000000000000
00000000000000000000000000000000000000000000000000000000000000000000000001111111111111111110000000000000000000000000000000000000
00000000000000000000000000000000000000000000000000000000000000000000111111111111111111111110000000000000000000000000000000000000
00000000000000000000000000000000000000000000000000000000000000000000111111111111111111111100000000000000000000000000000000000000
00000000000000000000000000000000000000000000000000000000000000000001111111111111111111111100000000000000000000000000000000000000
00000000000000000000000000000000000000000000000000000000000000011111111111111111111111111000000000000000000000000000000000000000
00000000000000000000000000000000000000000000000000000000000001111111111111111111111111111000000000000000000000000000000000000000
00000000000000000000000000000000000000000000000000000000000111111111111111111111111111110000000000000000000000000000000000000000
00000000000000000000000000000000000000000000000000000000011111111111111111111111111111100000000000000000000000000000000000000000
00000000000000000000000000000000000000000000000000000000111111111111111111111111111111100000000000000000000000000000000000000000
00000000000000000000000000000001111111111100000000000011111111111111111111111111111110000000000000000000000000000000000000000000
00000000000000000000000000000001111111111111000000001111111111111111111111111111111000000000000000000000000000000000000000000000
00000000000000000000000000000001111111111111111111111111111111111111111111111111110000000000000000000000000000000000000000000000
00000000000000000000000000000001111111111111111111111111111111111111111111111111110000000000000000000000000000000000000000000000
00000000000000000000000000000001111111111111111111111111111111111111111111111111100000000000000000000000000000000000000000000000
00000000000000000000000000000001111111111111111111111111111111111111111111111111000000000000000000000000000000000000000000000000
00000000000000000000000000000001111111111111111111111111111111111111111111111110000000000000000000000000000000000000000000000000
00000000000000000000000000000000111111111111111111111111111111111111111111111110000000000000000000000000000000000000000000000000
00000000000000000000000000000000000111111111111111111111111111111111111111111110000000000000000000000000000000000000000000000000
00000000000000000000000000000000000011111111111111111111111111111111111111111110000000000000000000000000000000000000000000000000
00000000000000000000000000000000000000011111111111111111111111111111111111111110000000000000000000000000000000000000000000000000
00000000000000000000000000000000000000001111111111111111111111111111111111110000000000000000000000000000000000000000000000000000
00000000000000000000000000000000000000001111111111111111111111111111111110000000000000000000000000000000000000000000000000000000
00000000000000000000000000000000000000000001111111111111111111111111111100000000000000000000000000000000000000000000000000000000
00000000000000000000000000000000000000000000111111111111111111111111111000000000000000000000000000000000000000000000000000000000
00000000000000000000000000000000000000000000000111111111111111111111111000000000000000000000000000000000000000000000000000000000
00000000000000000000000000000000000000000000000011111111111111111111000000000000000000000000000000000000000000000000000000000000
00000000000000000000000000000000000000000000000000100011000000000000000000000000000000000000000000000000000000000000000000000000
00000000000000000000000000000000000000000000000000000000000000000000000000000000000000000000000000000000000000000000000000000000
00000000000000000000000000000000000000000000000000000000000000000000000000000000000000000000000000000000000000000000000000000000
00000000000000000000000000000000000000000000000000000000000000000000000000000000000000000000000000000000000000000000000000000000
00000000000000000000000000000000000000000000000000000000000000000000000000000000000000000000000000000000000000000000000000000000
00000000000000000000000000000000000000000000000000000000000000000000000000000000000000000000000000000000000000000000000000000000
00000000000000000000000000000000000000000000000000000000000000000000000000000000000000000000000000000000000000000000000000000000
00000000000000000000000000000000000000000000000000000000000000000000000000000000000000000000000000000000000000000000000000000000
00000000000000000000000000000000000000000000000000000000000000000000000000000000000000000000000000000000000000000000000000000000
00000000000000000000000000000000000000000000000000000000000000000000000000000000000000000000000000000000000000000000000000000000
00000000000000000000000000000000000000000000000000000000000000000000000000000000000000000000000000000000000000000000000000000000
00000000000000000000000000000000000000000000000000000000000000000000000000000000000000000000000000000000000000000000000000000000
00000000000000000000000000000000000000000000000000000000000000000000000000000000000000000000000000000000000000000000000000000000
00000000000000000000000000000000000000000000000000000000000000000000000000000000000000000000000000000000000000000000000000000000
00000000000000000000000000000000000000000000000000000000000000000000000000000000000000000000000000000000000000000000000000000000
00000000000000000000000000000000000000000000000000000000000000000000000000000000000000000000000000000000000000000000000000000000
