00000000000000000000000000000000000000000000000000000000000000000000000000000000000000000000000000000000000000000000000000000000
00000000000000000000000000000000000000000000000000000000000000000000000000000000000000000000000000000000000000000000000000000000
00000000000000000000000000000000000000000000000000000000000000000000000000000000000000000000000000000000000000000000000000000000
00000000000000000000000000000000000000000000000000000000000000000000000000000000000000000000000000000000000000000000000000000000
00000000000000000000000000000000000000000000000000000000000000000000000000000000000000000000000000000000000000000000000000000000
00000000000000000000000000000000000000000000000000000000000000000000000000000000000000000000000000000000000000000000000000000000
00000000000000000000000000000000000000000000000000000000000000000000000000000000000000000000000000000000000000000000000000000000
00000000000000000000000000000000000000000001000000001111111111111110000000000000000000000000000000000000000000000000000000000000
00000000000000000000000000000000000000001111111111111111111111111111110000000000000000000000000000000000000000000000000000000000
00000000000000000000000000000000000000001111111111111111111111111111111100000000000000000000000000000000000000000000000000000000
00000000000000000000000000000000000001111111111111111111111111111111111110000000000000000000000000000000000000000000000000000000
00000000000000000000000000000000011111111111111111111111111111111111111111100000000000000000000000000000000000000000000000000000
00000000000000000000000000000000011111111111111111111111111111111111111111110000000000000000000000000000000000000000000000000000
00000000000000000000000000000000011111111111111111111111111111111111111111111000000000000000000000000000000000000000000000000000
00000000000000000000000000000000111111111111111111111111111111111111111111111110000000000000000000000000000000000000000000000000
00000000000000000000000000000011111111111111111111111111111111111111111111111111000000000000000000000000000000000000000000000000
00000000000000000000000000001111111111111111111111111111111111111111111111111111110000000000000000000000000000000000000000000000
00000000000000000000000000001111111111111111111111111111111111111111111111111111111000000000000000000000000000000000000000000000
00000000000000000000000000001111111111111111111111111111111111111111111111111111111110000000000000000000000000000000000000000000
00000000000000000000000000011111111111111111111111111111111111111111111111111111111111000000000000000000000000000000000000000000
00000000000000000000000000011111111111111111111111111111111111111111111111111111111111110000000000000000000000000000000000000000
00000000000000000000000000011111111111111111111111111111111111111111111111111111111111110000000000000000000000000000000000000000
00000000000000000000000000111111111111111111111111111111111111111111111111111111111111111000000000000000000000000000000000000000
00000000000000000000000001111111111111111111111111111111111111111111111111111111111111111000000000000000000000000000000000000000
00000000000000000000000001111111111111111111110000000001000000111111111111111111111111111100000000000000000000000000000000000000
00000000000000000000000011111111111111111110000000000000000000000111111111111111111111111110000000000000000000000000000000000000
00000000000000000000000111111111111111111100000000000000000000000000011111111111111111111111000000000000000000000000000000000000
00000000000000000000000111111111111111111000000000000000000000000000001111111111111111111111000000000000000000000000000000000000
00000000000000000000000111111111111111111000000000000000000000000000000011111111111111111111000000000000000000000000000000000000
00000000000000000000000111111111111111111000000000000000000000000000000000111111111111111111100000000000000000000000000000000000
00000000000000000000001111111111111111111000000000000000000000000000000000011111111111111111100000000000000000000000000000000000
00000000000000000000001111111111111111111000000000000000000000000000000000001111111111111111100000000000000000000000000000000000
00000000000000000000001111111111111111111000000000000000000000000000000000000111111111111111110000000000000000000000000000000000
00000000000000000000001111111111111111110000000000000000000000000000000000000111111111111111110000000000000000000000000000000000
00000000000000000000001111111111111111110000000000000000000000000000000000000111111111111111111000000000000000000000000000000000
00000000000000000000001111111111111111110000000000000000000000000000000000000011111111111111111000000000000000000000000000000000
00000000000000000000001111111111111111110000000111110000000000000000000000000011111111111111111000000000000000000000000000000000
00000000000000000000011111111111111111110000000111111000000000000000000000000011111111111111111100000000000000000000000000000000
00000000000000000000011111111111111111100011111111111100000000000000000000000001111111111111111100000000000000000000000000000000
00000000000000000000011111111111111111100011111111111110000000000000000000000000111111111111111100000000000000000000000000000000
00000000000000000000011111111111111111100011111111111110000000000000000000000000111111111111111100000000000000000000000000000000
00000000000000000000011111111111111111000011111111111111000000000000000000000000111111111111111100000000000000000000000000000000
00000000000000000000011111111111111111100011111111111111000000000000000000000000111111111111111100000000000000000000000000000000
00000000000000000000011111111111111111111111111111111111000000000000000000000000111111111111111100000000000000000000000000000000
00000000000000000000001111111111111111111111111111111111100000000000000000000001111111111111111100000000000000000000000000000000
00000000000000000000001111111111111111111111111111111111100000000000000000000001111111111111111100000000000000000000000000000000
00000000000000000000001111111111111111111111111111111111100000000000000000000001111111111111111100000000000000000000000000000000
00000000000000000000001111111111111111111111111111111111100000000000000000000001111111111111111100000000000000000000000000000000
00000000000000000000001111111111111111111111111111111111100000000000000000000001111111111111111100000000000000000000000000000000
00000000000000000000001111111111111111111111111111111111100000000000000000000001111111111111111100000000000000000000000000000000
00000000000000000000000111111111111111111111111111111111100000000000000000000001111111111111111110000000000000000000000000000000
00000000000000000000000111111111111111111111111111111111100000000000000000000001111111111111111100000000000000000000000000000000
00000000000000000000000111111111111111111111111111111111100000000000000000000001111111111111111100000000000000000000000000000000
00000000000000000000000011111111111111111111111111111111100000000000000000000001111111111111111100000000000000000000000000000000
00000000000000000000000011111111111111111111111111111111100000000000000000000011111111111111111100000000000000000000000000000000
00000000000000000000000011111111111111111111111111111100000000000000000000000011111111111111111100000000000000000000000000000000
00000000000000000000000001111111111111111111111111100000000000000000000000000011111111111111111100000000000000000000000000000000
00000000000000000000000000111111111111111111111100000000000000000000000000000011111111111111111100000000000000000000000000000000
00000000000000000000000000001111111111111000000000000000000000000000000000000011111111111111111100000000000000000000000000000000
00000000000000000000000000001111111111110000000000000000000000000000000000000011111111111111111000000000000000000000000000000000
00000000000000000000000000000000000000000000000000000000000000000000000000000011111111111111111000000000000000000000000000000000
00000000000000000000000000000000000000000000000000000000000000000000000000000011111111111111111000000000000000000000000000000000
00000000000000000000000000000000000000000000000000000000000000000000000000000111111111111111111000000000000000000000000000000000
00000000000000000000000000000000000000000000000000000000000000000000000000000111111111111111110000000000000000000000000000000000
00000000000000000000000000000000000000000000000000000000000000000000000000001111111111111111110000000000000000000000000000000000
00000000000000000000000000000000000000000000000000000000000000000000000000001111111111111111110000000000000000000000000000000000
00000000000000000000000000000000000000000000000000000000000000000000000000001111111111111111110000000000000000000000000000000000
00000000000000000000000000000000000000000000000000000000000000000000000000011111111111111111100000000000000000000000000000000000
00000000000000000000000000000000000000000000000000000000000000000000000000011111111111111111100000000000000000000000000000000000
00000000000000000000000000000000000000000000000000000000000000000000000000111111111111111111100000000000000000000000000000000000
00000000000000000000000000000000000000000000000000000000000000000000000000111111111111111111100000000000000000000000000000000000
00000000000000000000000000000000000000000000000000000000000000000000000001111111111111111111100000000000000000000000000000000000
00000000000000000000000000000000000000000000000000000000000000000000000011111111111111111111000000000000000000000000000000000000
00000000000000000000000000000000000000000000000000000000000000000000000011111111111111111111000000000000000000000000000000000000
00000000000000000000000000000000000000000000000000000000000000000000000011111111111111111111000000000000000000000000000000000000
00000000000000000000000000000000000000000000000000000000000000000000000111111111111111111110000000000000000000000000000000000000
00000000000000000000000000000000000000000000000000000000000000000000001111111111111111111110000000000000000000000000000000000000
00000000000000000000000000000000000000000000000000000000000000000000011111111111111111111100000000000000000000000000000000000000
00000000000000000000000000000000000000000000000000000000000000000000111111111111111111111100000000000000000000000000000000000000
00000000000000000000000000000000000000000000000000000000000000000011111111111111111111111100000000000000000000000000000000000000
00000000000000000000000000000000000000000000000000000000000000001111111111111111111111111000000000000000000000000000000000000000
00000000000000000000000000000000000000000000000000000000000001111111111111111111111111110000000000000000000000000000000000000000
00000000000000000000000000000000000000000000000000000000000111111111111111111111111111110000000000000000000000000000000000000000
00000000000000000000011111000000000000000000000000000000111111111111111111111111111111100000000000000000000000000000000000000000
00000000000000000000111111111111111111111111111110000111111111111111111111111111111111100000000000000000000000000000000000000000
00000000000000000000111111111111111111111111111111111111111111111111111111111111111100000000000000000000000000000000000000000000
00000000000000000000111111111111111111111111111111111111111111111111111111111111111000000000000000000000000000000000000000000000
00000000000000000001111111111111111111111111111111111111111111111111111111111111111000000000000000000000000000000000000000000000
00000000000000000001111111111111111111111111111111111111111111111111111111111111110000000000000000000000000000000000000000000000
00000000000000000001111111111111111111111111111111111111111111111111111111111111110000000000000000000000000000000000000000000000
00000000000000000001111111111111111111111111111111111111111111111111111111111111100000000000000000000000000000000000000000000000
00000000000000000001111111111111111111111111111111111111111111111111111111111111000000000000000000000000000000000000000000000000
00000000000000000001111111111111111111111111111111111111111111111111111111111110000000000000000000000000000000000000000000000000
00000000000000000000011111111111111111111111111111111111111111111111111111111000000000000000000000000000000000000000000000000000
00000000000000000000001111111111111111111111111111111111111111111111111111100000000000000000000000000000000000000000000000000000
00000000000000000000001111111111111111111111111111111111111111111111111110000000000000000000000000000000000000000000000000000000
00000000000000000000001111111111111111111111111111111111111111111111111000000000000000000000000000000000000000000000000000000000
00000000000000000000000001111111111111111111111111111111111111111111111000000000000000000000000000000000000000000000000000000000
00000000000000000000000000000111111111111111111111111111111111111111100000000000000000000000000000000000000000000000000000000000
00000000000000000000000000000000000000100011111111111110000000000000000000000000000000000000000000000000000000000000000000000000
00000000000000000000000000000000000000000000000000000000000000000000000000000000000000000000000000000000000000000000000000000000
00000000000000000000000000000000000000000000000000000000000000000000000000000000000000000000000000000000000000000000000000000000
00000000000000000000000000000000000000000000000000000000000000000000000000000000000000000000000000000000000000000000000000000000
00000000000000000000000000000000000000000000000000000000000000000000000000000000000000000000000000000000000000000000000000000000
00000000000000000000000000000000000000000000000000000000000000000000000000000000000000000000000000000000000000000000000000000000
00000000000000000000000000000000000000000000000000000000000000000000000000000000000000000000000000000000000000000000000000000000
00000000000000000000000000000000000000000000000000000000000000000000000000000000000000000000000000000000000000000000000000000000
00000000000000000000000000000000000000000000000000000000000000000000000000000000000000000000000000000000000000000000000000000000
00000000000000000000000000000000000000000000000000000000000000000000000000000000000000000000000000000000000000000000000000000000
00000000000000000000000000000000000000000000000000000000000000000000000000000000000000000000000000000000000000000000000000000000
00000000000000000000000000000000000000000000000000000000000000000000000000000000000000000000000000000000000000000000000000000000
00000000000000000000000000000000000000000000000000000000000000000000000000000000000000000000000000000000000000000000000000000000
00000000000000000000000000000000000000000000000000000000000000000000000000000000000000000000000000000000000000000000000000000000
00000000000000000000000000000000000000000000000000000000000000000000000000000000000000000000000000000000000000000000000000000000
00000000000000000000000000000000000000000000000000000000000000000000000000000000000000000000000000000000000000000000000000000000
00000000000000000000000000000000000000000000000000000000000000000000000000000000000000000000000000000000000000000000000000000000
00000000000000000000000000000000000000000000000000000000000000000000000000000000000000000000000000000000000000000000000000000000
00000000000000000000000000000000000000000000000000000000000000000000000000000000000000000000000000000000000000000000000000000000
00000000000000000000000000000000000000000000000000000000000000000000000000000000000000000000000000000000000000000000000000000000
00000000000000000000000000000000000000000000000000000000000000000000000000000000000000000000000000000000000000000000000000000000
00000000000000000000000000000000000000000000000000000000000000000000000000000000000000000000000000000000000000000000000000000000
00000000000000000000000000000000000000000000000000000000000000000000000000000000000000000000000000000000000000000000000000000000
00000000000000000000000000000000000000000000000000000000000000000000000000000000000000000000000000000000000000000000000000000000
00000000000000000000000000000000000000000000000000000000000000000000000000000000000000000000000000000000000000000000000000000000
00000000000000000000000000000000000000000000000000000000000000000000000000000000000000000000000000000000000000000000000000000000
00000000000000000000000000000000000000000000000000000000000000000000000000000000000000000000000000000000000000000000000000000000
00000000000000000000000000000000000000000000000000000000000000000000000000000000000000000000000000000000000000000000000000000000
00000000000000000000000000000000000000000000000000000000000000000000000000000000000000000000000000000000000000000000000000000000
