00000000000000000000000000000000000000000000000000000000000000000000000000000000000000000000000000000000000000000000000000000000
00000000000000000000000000000000000000000000000000000000000000000000000000000000000000000000000000000000000000000000000000000000
00000000000000000000000000000000000000000000000000000000000000000000000000000000000000000000000000000000000000000000000000000000
00000000000000000000000000000000000000000000000000000000000000000000000000000000000000000000000000000000000000000000000000000000
00000000000000000000000000000000000000000000000000000000000000000000000000000000000000000000000000000000000000000000000000000000
00000000000000000000000000000000000000000000000000000000000000000000000000000000000000000000000000000000000000000000000000000000
00000000000000000000000000000000000000000000000000000000000000000000000000000000000000000000000000000000000000000000000000000000
00000000000000000000000000000000000000000000000000000000000000000000000000000000000000000000000000000000000000000000000000000000
00000000000000000000000000000000000000000000000000000000000000000000000000000000000000000000000000000000000000000000000000000000
00000000000000000000000000000000000000000000000000000000000000000000000000000000000000000000000000000000000000000000000000000000
00000000000000000000000000000000000000000000000000000000000000000000000000000000000000000000000000000000000000000000000000000000
00000000000000000000000000000000000000000000000000000000000000000000000000000000000000000000000000000000000000000000000000000000
00000000000000000000000000000000000000000000000000000000000000000000000000000000000000000000000000000000000000000000000000000000
00000000000000000000000000000000000000000000000000000000000000000000000000000000000000000000000000000000000000000000000000000000
00000000000000000000000000000000000000000000000000000000000000000000000000000000000000000000000000000000000000000000000000000000
00000000000000000000000000000000000000000000000000000000000000000000000000000000000000000000000000000000000000000000000000000000
00000000000000000000000000000000000000000000000000000000000000000000000000000000000000000000000000000000000000000000000000000000
00000000000000000000000000000000000000000000001000000000010100000000000000000000000000000000000000000000000000000000000000000000
00000000000000000000000000000000000000000111111111111111111111110000000000000000000000000000000000000000000000000000000000000000
00000000000000000000000000000000000000001111111111111111111111111100000000000000000000000000000000000000000000000000000000000000
00000000000000000000000000000000000000111111111111111111111111111111100000000000000000000000000000000000000000000000000000000000
00000000000000000000000000000000000011111111111111111111111111111111111100000000000000000000000000000000000000000000000000000000
00000000000000000000000000000000000011111111111111111111111111111111111111111000000000000000000000000000000000000000000000000000
00000000000000000000000000000000001111111111111111111111111111111111111111111111000000000000000000000000000000000000000000000000
00000000000000000000000000000000011111111111111111111111111111111111111111111111100000000000000000000000000000000000000000000000
00000000000000000000000000000000111111111111111111111111111111111111111111111111111000000000000000000000000000000000000000000000
00000000000000000000000000000001111111111111111111111111111111111111111111111111111100000000000000000000000000000000000000000000
00000000000000000000000000000011111111111111111111111111111111111111111111111111111100000000000000000000000000000000000000000000
00000000000000000000000000000111111111111111111111111111111111111111111111111111111100000000000000000000000000000000000000000000
00000000000000000000000000011111111111111111111111111111111111111111111111111111111100000000000000000000000000000000000000000000
00000000000000000000000000111111111111111111111111111111111111111111111111111111111110000000000000000000000000000000000000000000
00000000000000000000000001111111111111111111111111111111111111111111111111111111111111000000000000000000000000000000000000000000
00000000000000000000000001111111111111111111111111111111111111111111111111111111111111000000000000000000000000000000000000000000
00000000000000000000000011111111111111111111111111111000000000000111111111111111111111000000000000000000000000000000000000000000
00000000000000000000000011111111111111111111110100000000000000000001111111111111111111000000000000000000000000000000000000000000
00000000000000000000000011111111111111111100000000000000000000000000111111111111111111000000000000000000000000000000000000000000
00000000000000000000000011111111111111111100000000000000000000000000001111111111111111000000000000000000000000000000000000000000
00000000000000000000000011111111111111111000000000000000000000000000001111111111111111000000000000000000000000000000000000000000
00000000000000000000000011111111111111111000000000000000000000000000001111111111111111000000000000000000000000000000000000000000
00000000000000000000000111111111111111110000000000000000000000000000001111111111111111000000000000000000000000000000000000000000
00000000000000000000000011111111111111110000000000000000000000000000000111111111111111000000000000000000000000000000000000000000
00000000000000000000000011111111111111100000000000000000000000000000000111111111111111000000000000000000000000000000000000000000
00000000000000000000000011111111111111100000000000000000000000000000000111111111111111000000000000000000000000000000000000000000
00000000000000000000000011111111111111000000000000000000000000000000000011111111111111000000000000000000000000000000000000000000
00000000000000000000000011111111111111000000000000000000000000000000000011111111111111000000000000000000000000000000000000000000
00000000000000000000000011111111111111000000000000000000000000000000000011111111111111000000000000000000000000000000000000000000
00000000000000000000000011111111111111000000000000000000000000000000000011111111111111000000000000000000000000000000000000000000
00000000000000000000000011111111111111111111111110000000000000000000000011111111111111000000000000000000000000000000000000000000
00000000000000000000000011111111111111111111111111000000000000000000000011111111111111000000000000000000000000000000000000000000
00000000000000000000000011111111111111111111111111100000000000000000000111111111111111000000000000000000000000000000000000000000
00000000000000000000000011111111111111111111111111100000000000000000000111111111111111000000000000000000000000000000000000000000
00000000000000000000000011111111111111111111111111110000000000000000000111111111111111000000000000000000000000000000000000000000
00000000000000000000000011111111111111111111111111110000000000000000001111111111111111000000000000000000000000000000000000000000
00000000000000000000000011111111111111111111111111110000000000000000001111111111111111000000000000000000000000000000000000000000
00000000000000000000000011111111111111111111111111110000000000000000001111111111111111000000000000000000000000000000000000000000
00000000000000000000000011111111111111111111111111111000000000000000001111111111111111000000000000000000000000000000000000000000
00000000000000000000000011111111111111111111111111110000000000000000011111111111111111000000000000000000000000000000000000000000
00000000000000000000000011111111111111001111111111111000000000000000011111111111111111000000000000000000000000000000000000000000
00000000000000000000000011111111111111001111111111111000000000000000011111111111111110000000000000000000000000000000000000000000
00000000000000000000000011111111111111111111111111111000000000000000011111111111111110000000000000000000000000000000000000000000
00000000000000000000000011111111111111111111111111111000000000000000011111111111111110000000000000000000000000000000000000000000
00000000000000000000000011111111111111111111111111111000000000000000011111111111111110000000000000000000000000000000000000000000
00000000000000000000000011111111111111111111111111111000000000000000011111111111111110000000000000000000000000000000000000000000
00000000000000000000000001111111111111111111111111111000000000000000111111111111111110000000000000000000000000000000000000000000
00000000000000000000000001111111111111111111111111111000000000000000111111111111111110000000000000000000000000000000000000000000
00000000000000000000000000111111111111111111111111110000000000000000111111111111111110000000000000000000000000000000000000000000
00000000000000000000000000111111111111111111111111110000000000000000111111111111111110000000000000000000000000000000000000000000
00000000000000000000000000111111111111111111111111100000000000000001111111111111111110000000000000000000000000000000000000000000
00000000000000000000000000011111111111111111111111000000000000000001111111111111111100000000000000000000000000000000000000000000
00000000000000000000000000001111111111111111111110000000000000000011111111111111111000000000000000000000000000000000000000000000
00000000000000000000000000000011111111111111111000000000000000000011111111111111111000000000000000000000000000000000000000000000
00000000000000000000000000000000000100011000000000000000000000000011111111111111110000000000000000000000000000000000000000000000
00000000000000000000000000000000000000000000000000000000000000000111111111111111110000000000000000000000000000000000000000000000
00000000000000000000000000000000000000000000000000000000000000000111111111111111110000000000000000000000000000000000000000000000
00000000000000000000000000000000000000000000000000000000000000001111111111111111100000000000000000000000000000000000000000000000
00000000000000000000000000000000000000000000000000000000000000001111111111111111100000000000000000000000000000000000000000000000
00000000000000000000000000000000000000000000000000000000000000001111111111111111000000000000000000000000000000000000000000000000
00000000000000000000000000000000000000000000000000000000000000011111111111111111000000000000000000000000000000000000000000000000
00000000000000000000000000000000000000000000000000000000000000111111111111111111000000000000000000000000000000000000000000000000
00000000000000000000000000000000000000000000000000000000000000111111111111111100000000000000000000000000000000000000000000000000
00000000000000000000000000000000000000000000000000000000000001111111111111111000000000000000000000000000000000000000000000000000
00000000000000000000000000000000000000000000000000000000000011111111111111111000000000000000000000000000000000000000000000000000
00000000000000000000000000000000000000000000000000000000000011111111111111110000000000000000000000000000000000000000000000000000
00000000000000000000000000000000000000000000000000000000000111111111111111110000000000000000000000000000000000000000000000000000
00000000000000000000000000000000000000000000000000000000000111111111111111100000000000000000000000000000000000000000000000000000
00000000000000000000000000000000000000000000000000000000001111111111111111100000000000000000000000000000000000000000000000000000
00000000000000000000000000000000000000000000000000000000011111111111111111100000000000000000000000000000000000000000000000000000
00000000000000000000000000000000000000000000000000000000111111111111111111000000000000000000000000000000000000000000000000000000
00000000000000000000000000000000000000000000000000000001111111111111111110000000000000000000000000000000000000000000000000000000
00000000000000000000000000000000000000000000000000000111111111111111111100000000000000000000000000000000000000000000000000000000
00000000000000000000000000000000000000000000000000011111111111111111111100000000000000000000000000000000000000000000000000000000
00000000000000000000000000000000000000000000000000111111111111111111111000000000000000000000000000000000000000000000000000000000
00000000000000000000000000000000000000000000000001111111111111111111111000000000000000000000000000000000000000000000000000000000
00000000000000000000000000000000000000000000000011111111111111111111110000000000000000000000000000000000000000000000000000000000
00000000000000000000000000000000000000000000000111111111111111111111110000000000000000000000000000000000000000000000000000000000
00000000000000000000000000000000000000000000001111111111111111111111000000000000000000000000000000000000000000000000000000000000
00000000000000000000000000000000000000000000011111111111111111111110000000000000000000000000000000000000000000000000000000000000
00000000000000000000000000000000000000000000111111111111111111111110000000000000000000000000000000000000000000000000000000000000
00000000000000000000000000000000000000000001111111111111111111111100000000000000000000000000000000000000000000000000000000000000
00000000000000000000000000000000000000000111111111111111111111111000000000000000000000000000000000000000000000000000000000000000
00000000000000000000000000000000000000001111111111111111111111111000000000000000000000000000000000000000000000000000000000000000
00000000000000000000000000000000000000111111111111111111111111110000000000000000000000000000000000000000000000000000000000000000
00000000000000000000000000000000000011111111111111111111111111110000000000000000000000000000000000000000000000000000000000000000
00000000000000000000000000000000001111111111111111111111111111100000000000000000000000000000000000000000000000000000000000000000
00000000000000000000000000000000001111111111111111111111111110000000000000000000000000000000000000000000000000000000000000000000
00000000000000000000000000000000111111111111111111111111111100000000000000000000000000000000000000000000000000000000000000000000
00000000000000000000000000000001111111111111111111111111111000000000000000000000000000000000000000000000000000000000000000000000
00000000000000000000000000000001111111111111111111111111111000000000000000000000000000000000000000000000000000000000000000000000
00000000000000000000000000000001111111111111111111111111100000000000000000000000000000000000000000000000000000000000000000000000
00000000000000000000000000000001111111111111111111111110000000000000000000000000000000000000000000000000000000000000000000000000
00000000000000000000000000000001111111111111111111110000000000000000000000000000000000000000000000000000000000000000000000000000
00000000000000000000000000000001111111111111111111000000000000000000000000000000000000000000000000000000000000000000000000000000
00000000000000000000000000000001111111111111111110000000000000000000000000000000000000000000000000000000000000000000000000000000
00000000000000000000000000000001111111111111111100000000000000000000000000000000000000000000000000000000000000000000000000000000
00000000000000000000000000000001111111111111100000000000000000000000000000000000000000000000000000000000000000000000000000000000
00000000000000000000000000000000111111111000000000000000000000000000000000000000000000000000000000000000000000000000000000000000
00000000000000000000000000000000000000000000000000000000000000000000000000000000000000000000000000000000000000000000000000000000
00000000000000000000000000000000000000000000000000000000000000000000000000000000000000000000000000000000000000000000000000000000
00000000000000000000000000000000000000000000000000000000000000000000000000000000000000000000000000000000000000000000000000000000
00000000000000000000000000000000000000000000000000000000000000000000000000000000000000000000000000000000000000000000000000000000
00000000000000000000000000000000000000000000000000000000000000000000000000000000000000000000000000000000000000000000000000000000
00000000000000000000000000000000000000000000000000000000000000000000000000000000000000000000000000000000000000000000000000000000
00000000000000000000000000000000000000000000000000000000000000000000000000000000000000000000000000000000000000000000000000000000
00000000000000000000000000000000000000000000000000000000000000000000000000000000000000000000000000000000000000000000000000000000
00000000000000000000000000000000000000000000000000000000000000000000000000000000000000000000000000000000000000000000000000000000
00000000000000000000000000000000000000000000000000000000000000000000000000000000000000000000000000000000000000000000000000000000
00000000000000000000000000000000000000000000000000000000000000000000000000000000000000000000000000000000000000000000000000000000
00000000000000000000000000000000000000000000000000000000000000000000000000000000000000000000000000000000000000000000000000000000
