00000000000000000000000000000000000000000000000000000000000000000000000000000000000000000000000000000000000000000000000000000000
00000000000000000000000000000000000000000000000000000000000000000000000000000000000000000000000000000000000000000000000000000000
00000000000000000000000000000000000000000000000000000000000000000000000000000000000000000000000000000000000000000000000000000000
00000000000000000000000000000000000000000000000000000000000000000000000000000000000000000000000000000000000000000000000000000000
00000000000000000000000000000000000000000000000000000000000000000000000000000000000000000000000000000000000000000000000000000000
00000000000000000000000000000000000000000000000000000000000000000000000000000000000000000000000000000000000000000000000000000000
00000000000000000000000000000000000000000000000000000000000000000000000000000000000000000000000000000000000000000000000000000000
00000000000000000000000000000000000000000000000000000000000000000000000000000000000000000000000000000000000000000000000000000000
00000000000000000000000000000000000000000000000000000000000000000000000000000000000000000000000000000000000000000000000000000000
00000000000000000000000000000000000000000000000000000000000000000000000000000000000000000000000000000000000000000000000000000000
00000000000000000000000000000000000000000000000000000000000000000000000000000000000000000000000000000000000000000000000000000000
00000000000000000000000000000000000000000000000000000000000000000000000000000000000000000000000000000000000000000000000000000000
00000000000000000000000000000000000000000000000000000000000000000000000000000000000000000000000000000000000000000000000000000000
00000000000000000000000000000000000000000000000000000000000000000000000000000000000000000000000000000000000000000000000000000000
00000000000000000000000000000000000000000000000000000000000000000000000000000000000000000000000000000000000000000000000000000000
00000000000000000000000000000000000000000000000000000000000000000000000000000000000000000000000000000000000000000000000000000000
00000000000000000000000000000000000000000000000000000000000000000000000000000000000000000000000000000000000000000000000000000000
00000000000000000000000000000000000000000000000000000000000000000000000000000000000000000000000000000000000000000000000000000000
00000000000000000000000000000000000000000000000000000000000000000000000000000000000000000000000000000000000000000000000000000000
00000000000000000000000000000000000000000000000000000000000000000000000000000000000000000000000000000000000000000000000000000000
00000000000000000000000000000000000000000000000000000000000000000000000000000000000000000000000000000000000000000000000000000000
00000000000000000000000000000000000000000000000000000000000000000000000000000000000000000000000000000000000000000000000000000000
00000000000000000000000000000000000000000000000000000000000000000000000000000000000000000000000000000000000000000000000000000000
00000000000000000000000000000000000000000000000000000000000000000000000000000000000000000000000000000000000000000000000000000000
00000000000000000000000000000000000000000000000000000000000000000000000000000000000000000000000000000000000000000000000000000000
00000000000000000000000000000000000000000000000000000000000000000000000000000000000000000000000000000000000000000000000000000000
00000000000000000000000000000000000000000000000000000000000000000000000000000000000000000000000000000000000000000000000000000000
00000000000000000000000000000000000000000000000000000000000000000000000000000000000000000000000000000000000000000000000000000000
00000000000000000000000000000000000000000000000000000000000000000000000000000000000000000000000000000000000000000000000000000000
00000000000000000000000000000000000000000000000000000000000000000000000000000000000000000000000000000000000000000000000000000000
00000000000000000000000000010000000000010000000000000000000000000000000000000000000000000000000000000000000000000000000000000000
00000000000000000000000011111111111111111111111111000000000000000000000000000000000000000000000000000000000000000000000000000000
00000000000000000000000011111111111111111111111111111000000000000001111111111111111100000000000000000000000000000000000000000000
00000000000000000000011111111111111111111111111111111100001111111111111111111111111111000000000000000000000000000000000000000000
00000000000000000000111111111111111111111111111111111110001111111111111111111111111111100000000000000000000000000000000000000000
00000000000000000000111111111111111111111111111111111110001111111111111111111111111111110000000000000000000000000000000000000000
00000000000000000011111111111111111111111111111111111110011111111111111111111111111111110000000000000000000000000000000000000000
00000000000000000111111111111111111111111111111111111111011111111111111111111111111111111000000000000000000000000000000000000000
00000000000000001111111111111111111111111111111111111111111111111111111111111111111111111100000000000000000000000000000000000000
00000000000000011111111111111111111111111111111111111111111111111111111111111111111111111100000000000000000000000000000000000000
00000000000000111111111111111111111111111111111111111111111111111111111111111111111111111110000000000000000000000000000000000000
00000000000000111111111111111111111111111111111111111111111111111111111111111111111111111110000000000000000000000000000000000000
00000000000001111111111111100000000000001110001111111111111111111111111111111111111111111110000000000000000000000000000000000000
00000000000001111111111111000000000000000000000011111111111111111111111111111111111111111111000000000000000000000000000000000000
00000000000011111111111111000000000000000000000000111111111111111111000001111111111111111111000000000000000000000000000000000000
00000000000011111111111110000000000000000000000000111111111111111100000000000011111111111111100000000000000000000000000000000000
00000000000011111111111110000000000000000000000000111111111111111000000000000000000011111111100000000000000000000000000000000000
00000000000011111111111110000000000000000000000000111111111111111000000000000000000011111111100000000000000000000000000000000000
00000000000011111111111100000000000000000000000000011111111111111000000000000000000011111111110000000000000000000000000000000000
00000000000111111111111100000000000000000000000000011111111111111000000000000000000011111111111000000000000000000000000000000000
00000000000111111111111100000000000000000000000000011111111111110000000000000000000011111111111000000000000000000000000000000000
00000000000111111111111100000000000000000000000000011111111111110000000000000000000011111111111000000000000000000000000000000000
00000000000111111111111100000000000000000000000000011111111111110000000000000000000011111111111000000000000000000000000000000000
00000000000111111111111000000000000000000000000000011111111111110000000000000000000001111111111100000000000000000000000000000000
00000000000111111111111000000000000000000000000000011111111111110000000000000000000001111111111100000000000000000000000000000000
00000000001111111111111000000000000000000000000000011111111111110000000000000000000001111111111100000000000000000000000000000000
00000000001111111111110000000000000000000000000000011111111111110000000000000000000001111111111110000000000000000000000000000000
00000000001111111111110000000000000000000000000000011111111111110000000000000000000001111111111110000000000000000000000000000000
00000000001111111111110000000000000000000000000000011111111111110000000000000000000000111111111110000000000000000000000000000000
00000000001111111111110000000000000000000000000000011111111111110000000000000000000000111111111110000000000000000000000000000000
00000000001111111111100000000000000000000000000000011111111111110000000000000000000000111111111110000000000000000000000000000000
00000000001111111111100000000000000000000000000000011111111111110000000000000000000000111111111110000000000000000000000000000000
00000000001111111111100000000000000000000000000000011111111111110000000000000000000000111111111110000000000000000000000000000000
00000000001111111111100000000000000000000000000000011111111111110000000000000000000000111111111110000000000000000000000000000000
00000000001111111111100000000000000000000000000000011111111111110000000000000000000000111111111110000000000000000000000000000000
00000000001111111111100000000000000000000000000000011111111111100000000000000000000000111111111110000000000000000000000000000000
00000000001111111111100000000000000000000000000000011111111111100000000000000000000000111111111110000000000000000000000000000000
00000000001111111111100000000000000000000000000000011111111111100000000000000000000000111111111110000000000000000000000000000000
00000000001111111111100000000000000000000000000000011111111111100000000000000000000000111111111110000000000000000000000000000000
00000000001111111111100000000000000000000000000000011111111111100000000000000000000000111111111100000000000000000000000000000000
00000000011111111111100000000000000000000000000000011111111111100000000000000000000000111111111100000000000000000000000000000000
00000000001111111111100000000000000000000000000000011111111111100000000000000000000000111111111100000000000000000000000000000000
00000000001111111111100000000000000000000000000000011111111111000000000000000000000000111111111100000000000000000000000000000000
00000000001111111111101111110000000000000000000000011111111111000000000000000000000000111111111100000000000000000000000000000000
00000000001111111111111111111000000000000000000000011111111111000000000000000000000000111111111100000000000000000000000000000000
00000000001111111111111111111100000000000000000000011111111111000000000000000000000000111111111100000000000000000000000000000000
00000000001111111111111111111110000000000000000000011111111111000000000000000000000001111111111100000000000000000000000000000000
00000000001111111111111111111111000000000000000000011111111111000000000000000000000001111111111100000000000000000000000000000000
00000000001111111111111111111111000000000000000000011111111111000000000000000000000001111111111100000000000000000000000000000000
00000000001111111111111111111111100000000000000000011111111111000000000000000000000001111111111100000000000000000000000000000000
00000000001111111111110111111111100000000000000000011111111111000000000000000000000001111111111100000000000000000000000000000000
00000000001111111111110011111111100000000000000000011111111111000000000000000000000111111111111100000000000000000000000000000000
00000000001111111111110011111111100000000000000000011111111111000000000000000000000111111111111100000000000000000000000000000000
00000000001111111111110011111111100000000000000000011111111111000000000000000000000111111111111100000000000000000000000000000000
00000000001111111111111011111111100000000000000000011111111111000000000000000000000111111111111100000000000000000000000000000000
00000000011111111111111111111111100000000000000000011111111110000000000000000000000111111111111100000000000000000000000000000000
00000000001111111111111111111111100000000000000000011111111110000000000000000000000111111111111100000000000000000000000000000000
00000000001111111111111111111111100000000000000000011111111110000000000000000000000111111111111100000000000000000000000000000000
00000000001111111111111111111111000000000000000000011111111111000000000000000000000111111111111100000000000000000000000000000000
00000000000111111111111111111111000000000000000000011111111110000000000000000000001111111111111100000000000000000000000000000000
00000000000111111111111111111111000000000000000000011111111110000000000000000000001111111111111100000000000000000000000000000000
00000000000111111111111111111111000000000000000000011111111111000000000000000000001111111111111000000000000000000000000000000000
00000000000011111111111111111111000000000000000000111111111110000000000000000000001111111111111000000000000000000000000000000000
00000000000011111111111111111111000000000000000000111111111110000000000000000000001111111111111000000000000000000000000000000000
00000000000001111111111011111111000000000000000000111111111110000000000000000000001111111111110000000000000000000000000000000000
00000000000001111111111011111110000000000000000000111111111110000000000000000000011111111111110000000000000000000000000000000000
00000000000001111111111111111110000000000000000000111111111110000000000000000000111111111111000000000000000000000000000000000000
00000000000000111111111111111110000000000000000000111111111110000000000000000000111111111111000000000000000000000000000000000000
00000000000000111111111111111100000000000000000000111111111110000000000000000000111111111111000000000000000000000000000000000000
00000000000000011111111111111000000000000000000000111111111110000000000000000000111111111111000000000000000000000000000000000000
00000000000000011111111111111000000000000000000000111111111110000000000000000000111111111110000000000000000000000000000000000000
00000000000000000000001000000000000000000000000000111111111110000000000000000000111111111100000000000000000000000000000000000000
00000000000000000000000000000000000000000000000000111111111100000000000000000000111111111100000000000000000000000000000000000000
00000000000000000000000000000000000000000000000000111111100000000000000000000000111111110000000000000000000000000000000000000000
00000000000000000000000000000000000000000000000000000000000000000000000000000000000000000000000000000000000000000000000000000000
00000000000000000000000000000000000000000000000000000000000000000000000000000000000000000000000000000000000000000000000000000000
00000000000000000000000000000000000000000000000000000000000000000000000000000000000000000000000000000000000000000000000000000000
00000000000000000000000000000000000000000000000000000000000000000000000000000000000000000000000000000000000000000000000000000000
00000000000000000000000000000000000000000000000000000000000000000000000000000000000000000000000000000000000000000000000000000000
00000000000000000000000000000000000000000000000000000000000000000000000000000000000000000000000000000000000000000000000000000000
00000000000000000000000000000000000000000000000000000000000000000000000000000000000000000000000000000000000000000000000000000000
00000000000000000000000000000000000000000000000000000000000000000000000000000000000000000000000000000000000000000000000000000000
00000000000000000000000000000000000000000000000000000000000000000000000000000000000000000000000000000000000000000000000000000000
00000000000000000000000000000000000000000000000000000000000000000000000000000000000000000000000000000000000000000000000000000000
00000000000000000000000000000000000000000000000000000000000000000000000000000000000000000000000000000000000000000000000000000000
00000000000000000000000000000000000000000000000000000000000000000000000000000000000000000000000000000000000000000000000000000000
00000000000000000000000000000000000000000000000000000000000000000000000000000000000000000000000000000000000000000000000000000000
00000000000000000000000000000000000000000000000000000000000000000000000000000000000000000000000000000000000000000000000000000000
00000000000000000000000000000000000000000000000000000000000000000000000000000000000000000000000000000000000000000000000000000000
00000000000000000000000000000000000000000000000000000000000000000000000000000000000000000000000000000000000000000000000000000000
00000000000000000000000000000000000000000000000000000000000000000000000000000000000000000000000000000000000000000000000000000000
00000000000000000000000000000000000000000000000000000000000000000000000000000000000000000000000000000000000000000000000000000000
00000000000000000000000000000000000000000000000000000000000000000000000000000000000000000000000000000000000000000000000000000000
00000000000000000000000000000000000000000000000000000000000000000000000000000000000000000000000000000000000000000000000000000000
00000000000000000000000000000000000000000000000000000000000000000000000000000000000000000000000000000000000000000000000000000000
00000000000000000000000000000000000000000000000000000000000000000000000000000000000000000000000000000000000000000000000000000000
00000000000000000000000000000000000000000000000000000000000000000000000000000000000000000000000000000000000000000000000000000000
00000000000000000000000000000000000000000000000000000000000000000000000000000000000000000000000000000000000000000000000000000000
