00000000000000000000000000000000000000000000000000000000000000000000000000000000000000000000000000000000000000000000000000000000
00000000000000000000000000000000000000000000000000000000000000000000000000000000000000000000000000000000000000000000000000000000
00000000000000000000000000000000000000000000000000000000000000000000000000000000000000000000000000000000000000000000000000000000
00000000000000000000000000000000000000000000000000000000000000000000000000000000000000000000000000000000000000000000000000000000
00000000000000000000000000000000000000000000000000000000000000000000000000000000000000000000000000000000000000000000000000000000
00000000000000000000000000000000000000000000000000000000000000000000000000000000000000000000000000000000000000000000000000000000
00000000000000000000000000000000000000000000000000000000000000000000000000000000000000000000000000000000000000000000000000000000
00000000000000000000000000000000000000000000000000000000000000000000000000000000000000000000000000000000000000000000000000000000
00000000000000000000000000000000000000000000000000000000000000000000000000000000000000000000000000000000000000000000000000000000
00000000000000000000000000000000000000000000000000000000000000000000000000000000000000000000000000000000000000000000000000000000
00000000000000000000000000000000000000000000000000000000000000000000000000000000000000000000000000000000000000000000000000000000
00000000000000000000000000000000000000000000000000000000000000000000000000000000000000000000000000000000000000000000000000000000
00000000000000000000000000000000000000000000000000000000000000000000000000000000000000000000000000000000000000000000000000000000
00000000000000000000000000000000000000000000000000000000000000000000000000000000000000000000000000000000000000000000000000000000
00000000000000000000000000000000000000000000000000000000000000000000000000000000000000000000000000000000000000000000000000000000
00000000000000000000000000000000000000000000000000000000000000000000000000000000000000000000000000000000000000000000000000000000
00000000000000000000000000000000000000000000000000000000000000000000000000000000000000000000000000000000000000000000000000000000
00000000000000000000000000000000000000000000000000000000000000000000000000000000000000000000000000000000000000000000000000000000
00000000000000000000000000000000000000000000000000000000000000000000000000000000000000000000000000000000000000000000000000000000
00000000000000000000000000000000000000000000000000000000000000000000000000000000000000000000000000000000000000000000000000000000
00000000000000000000000000000000000000000000000000000000000000000000000000000000000000000000000000000000000000000000000000000000
00000000000000000000000000000000000000000000000000000000000000000000000000000000000000000000000000000000000000000000000000000000
00000000000000000000000000000000000000000000000000000000000000000000000000000000000000000000000000000000000000000000000000000000
00000000000000000000000000000000000000000000000000000000000000000000000000000000000000000000000000000000000000000000000000000000
00000000000000000000000000000000000000000000000000000000000000000000000000000000000000000000000000000000000000000000000000000000
00000000000000000000000000000000000000000000000000000000000000000000111111111111111111111111111111110010000000000000000000000000
00000000000000000000000000000001111111111111111111111111110100000000111111111111111111111111111111111111111111000000000000000000
00000000000000000000000000001111111111111111111111111111111111100000111111111111111111111111111111111111111111100000000000000000
00000000000000000000000000111111111111111111111111111111111111111111111111111111111111111111111111111111111111100000000000000000
00000000000000000000000000111111111111111111111111111111111111111111111111111111111111111111111111111111111111100000000000000000
00000000000000000000011111111111111111111111111111111111111111111111111111111111111111111111111111111111111111100000000000000000
00000000000000000011111111111111111111111111111111111111111111111111111011111111111111111111111111111111111111100000000000000000
00000000000000000111111111111111111111111111111111111111111111111111111111111111111111111111111111111111111111100000000000000000
00000000000000001111111111111111111111111111111111111111111111111111111111111111111111111111111111111111111111100000000000000000
00000000000000001111111111111111111111111111111111111111111111111111111111111111111111111111111111111111111111100000000000000000
00000000000000001111111111111111111111111111111111111111111111111111111111111111000000000000111111111111111111100000000000000000
00000000000000011111111111111111111111111111111111111111111111111111111111111100000000000000000001111111111111100000000000000000
00000000000000011111111111111111111111111111111111111111111111111111111111111100000000000000000001111111111111100000000000000000
00000000000000011111111111111111111111111111111111111111111111111111111111111100000000000000000001111111111111100000000000000000
00000000000000111111111111111111111100000000111111111111111111111111111111111100000000000000000001111111111111100000000000000000
00000000000000111111111111111110000000000000000000000000001111111111111111111100000000000000000001111111111111100000000000000000
00000000000000111111111111111100000000000000000000000000000011111111111111111000000000000000000001111111111111100000000000000000
00000000000000111111111111111100000000000000000000000000000000111111111111111000000000000000000001111111111111100000000000000000
00000000000000111111111111111000000000000000000000000000000000011111111111111000000000000000000001111111111111100000000000000000
00000000000000111111111111111000000000000000000000000000000000011111111111111000000000000000000001111111111111100000000000000000
00000000000001111111111111111000000000000000000000000000000000011111111111111000000000000000000001111111111111100000000000000000
00000000000001111111111111110000000000000000000000000000000000011111111111111000000000000000000001111111111111100000000000000000
00000000000001111111111111110000000000000000000000000000000000011111111111111000000000000000000001111111111111100000000000000000
00000000000001111111111111100000000000000000000000000000000000011111111111110000000000000000000001111111111111100000000000000000
00000000000001111111111111100000000000000000000000000000000000011111111111110000000000000000000001111111111111100000000000000000
00000000000001111111111111000000000000000000000000000000000000011111111111110000000000000000000001111111111111100000000000000000
00000000000011111111111111000000000000000000000000000000000000011111111111110000000000000000000011111111111111100000000000000000
00000000000011111111111111000000000000000000000000000000000000011111111111110000000000000000000001111111111111100000000000000000
00000000000011111111111110000000000000000000000000000000000000011111111111110000000000000000000001111111111111100000000000000000
00000000000011111111111100000000000000000000000000000000000000011111111111110000000000000000000001111111111111100000000000000000
00000000000011111111111100000000000000000000000000000000000000011111111111110000000000000000000000111111111111100000000000000000
00000000000111111111111100000000000000000000000000000000000000011111111111110000000000000000000000111111111111100000000000000000
00000000000111111111111100000000000000000000000000000000000000011111111111110000000000000000000000111111111111100000000000000000
00000000000111111111111100000000000000000000000000000000000000011111111111110000000000000000000000111111111111100000000000000000
00000000000111111111111100000000000000000000000000000000000000011111111111110000000000000000000000111111111111100000000000000000
00000000000111111111111100000000000000000000000000000000000000011111111111110000000000000000000000111111111111100000000000000000
00000000000111111111111111000000000000000000000000000000000000011111111111110000000000000000000000111111111111100000000000000000
00000000000111111111111111111100100000000000000000000000000000011111111111110000000000000000000000111111111111100000000000000000
00000000000111111111111111111111111100000000000000000000000000011111111111110000000000000000000000111111111111100000000000000000
00000000000111111111111111111111111110000000000000000000000000011111111111110000000000000000000000111111111111100000000000000000
00000000000111111111111111111111111111000000000000000000000000011111111111110000000000000000000000111111111111100000000000000000
00000000000111111111111111111111111111000000000000000000000000011111111111110000000000000000000000111111111111100000000000000000
00000000000111111111111111111111111111100000000000000000000000011111111111110000000000000000000000111111111111100000000000000000
00000000000111111111111111111111111111100000000000000000000000011111111111110000000000000000000000111111111111100000000000000000
00000000000111111111111111111111111111100000000000000000000000011111111111110000000000000000000000111111111111100000000000000000
00000000000111111111111111111111111111110000000000000000000000011111111111110000000000000000000000111111111111100000000000000000
00000000000111111111111111111111111111111000000000000000000000011111111111110000000000000000000000111111111111100000000000000000
00000000000111111111110000011111111111111100000000000000000000011111111111110000000000000000000000111111111111100000000000000000
00000000000111111111110000000011111111111100000000000000000000011111111111111000000000000000000000111111111111100000000000000000
00000000000111111111110000000000111111111100000000000000000000011111111111110000000000000000000000111111111111100000000000000000
00000000000111111111110000000000111111111100000000000000000000011111111111110000000000000000000001111111111111100000000000000000
00000000000111111111110000000000111111111100000000000000000000011111111111110000000000000000000000111111111111100000000000000000
00000000000111111111110000000000111111111100000000000000000000011111111111110000000000000000000000111111111111100000000000000000
00000000000111111111110000000000111111111100000000000000000000011111111111110000000000000000000000111111111111100000000000000000
00000000000111111111110000000000111111111110000000000000000000011111111111110000000000000000000000111111111111100000000000000000
00000000000111111111110000000000111111111110000000000000000000011111111111100000000000000000000001111111111111100000000000000000
00000000000111111111110000000000111111111110000000000000000000011111111111100000000000000000000001111111111111100000000000000000
00000000000111111111110000000000111111111110000000000000000000011111111111100000000000000000000001111111111111100000000000000000
00000000000111111111110000000000011111111110000000000000000000011111111111100000000000000000000001111111111111100000000000000000
00000000000111111111110000000000011111111110000000000000000000011111111111000000000000000000000001111111111111100000000000000000
00000000000111111111110000000000011111111110000000000000000000011111111111100000000000000000000001111111111111100000000000000000
00000000000111111111110000000000011111111110000000000000000000011111111111100000000000000000000001111111111111100000000000000000
00000000000111111111111000000000111111111110000000000000000000011111111111100000000000000000000001111111111111100000000000000000
00000000000111111111111100000000111111111110000000000000000000011111111111100000000000000000000001111111111111100000000000000000
00000000000111111111111110000000111111111110000000000000000000011111111111100000000000000000000001111111111111100000000000000000
00000000000011111111111110000001111111111110000000000000000000011111111111100000000000000000000001111111111111100000000000000000
00000000000011111111111111100001111111111110000000000000000000011111111111100000000000000000000001111111111111100000000000000000
00000000000011111111111111110011111111111110000000000000000000011111111111100000000000000000000001111111111111100000000000000000
00000000000001111111111111111111111111111110000000000000000000011111111111100000000000000000000001111111111111100000000000000000
00000000000001111111111111111111111111111110000000000000000000011111111111100000000000000000000001111111111111100000000000000000
00000000000001111111111111111111111111111110000000000000000000111111111111100000000000000000000001111111111111000000000000000000
00000000000001111111111111111111111111111100000000000000000000111111111111100000000000000000000001111111111111000000000000000000
00000000000001111111111111111111111111111100000000000000000000011111111111100000000000000000000011111111111111000000000000000000
00000000000000111111111111111111111111111100000000000000000000011111111111100000000000000000000011111111111111000000000000000000
00000000000000111111111111111111111111111000000000000000000000011111111111000000000000000000000011111111111111000000000000000000
00000000000000111111111111111111111111111000000000000000000000111111111110000000000000000000000011111111111111000000000000000000
00000000000000011111111111111111111111111000000000000000000000111111111110000000000000000000000011111111111111000000000000000000
00000000000000011111111111111111111111111000000000000000000000111111111100000000000000000000000011111111111111000000000000000000
00000000000000011111111111111111111111110000000000000000000001111111111100000000000000000000000011111111111100000000000000000000
00000000000000001111111111111111111111000000000000000000000001111111111000000000000000000000000001111111111000000000000000000000
00000000000000001111111111111111111100000000000000000000000000111111111000000000000000000000000001111111111000000000000000000000
00000000000000000111111111111111111000000000000000000000000000111111100000000000000000000000000001111111111000000000000000000000
00000000000000000000111111111111110000000000000000000000000000111111000000000000000000000000000000111111000000000000000000000000
00000000000000000000000111111110000000000000000000000000000000000000000000000000000000000000000000000100000000000000000000000000
00000000000000000000000001111100000000000000000000000000000000000000000000000000000000000000000000000000000000000000000000000000
00000000000000000000000000000000000000000000000000000000000000000000000000000000000000000000000000000000000000000000000000000000
00000000000000000000000000000000000000000000000000000000000000000000000000000000000000000000000000000000000000000000000000000000
00000000000000000000000000000000000000000000000000000000000000000000000000000000000000000000000000000000000000000000000000000000
00000000000000000000000000000000000000000000000000000000000000000000000000000000000000000000000000000000000000000000000000000000
00000000000000000000000000000000000000000000000000000000000000000000000000000000000000000000000000000000000000000000000000000000
00000000000000000000000000000000000000000000000000000000000000000000000000000000000000000000000000000000000000000000000000000000
00000000000000000000000000000000000000000000000000000000000000000000000000000000000000000000000000000000000000000000000000000000
00000000000000000000000000000000000000000000000000000000000000000000000000000000000000000000000000000000000000000000000000000000
00000000000000000000000000000000000000000000000000000000000000000000000000000000000000000000000000000000000000000000000000000000
00000000000000000000000000000000000000000000000000000000000000000000000000000000000000000000000000000000000000000000000000000000
00000000000000000000000000000000000000000000000000000000000000000000000000000000000000000000000000000000000000000000000000000000
00000000000000000000000000000000000000000000000000000000000000000000000000000000000000000000000000000000000000000000000000000000
00000000000000000000000000000000000000000000000000000000000000000000000000000000000000000000000000000000000000000000000000000000
00000000000000000000000000000000000000000000000000000000000000000000000000000000000000000000000000000000000000000000000000000000
00000000000000000000000000000000000000000000000000000000000000000000000000000000000000000000000000000000000000000000000000000000
00000000000000000000000000000000000000000000000000000000000000000000000000000000000000000000000000000000000000000000000000000000
00000000000000000000000000000000000000000000000000000000000000000000000000000000000000000000000000000000000000000000000000000000
00000000000000000000000000000000000000000000000000000000000000000000000000000000000000000000000000000000000000000000000000000000
