00000000000000000000000000000000000000000000000000000000000000000000000000000000000000000000000000000000000000000000000000000000
00000000000000000000000000000000000000000000000000000000000000000000000000000000000000000000000000000000000000000000000000000000
00000000000000000000000000000000000000000000000000000000000000000000000000000000000000000000000000000000000000000000000000000000
00000000000000000000000000000000000000000000000000000000000000000000000000000000000000000000000000000000000000000000000000000000
00000000000000000000000000000000000000000000000000000000000000000000000000000000000000000000000000000000000000000000000000000000
00000000000000000000000000000000000000000000000000000000000000000000000000000000000000000000000000000000000000000000000000000000
00000000000000000000000000000000000000000000000000000000000000000000000000000000000000000000000000000000000000000000000000000000
00000000000000000000000000000000000000000000000000000000000000000000000000000000000000000000000000000000000000000000000000000000
00000000000000000000000000000000000000000000000000000000000000000000000000000000000000000000000000000000000000000000000000000000
00000000000000000000000000000000000000000000000000000000000000000000000000000000000000000000000000000000000000000000000000000000
00000000000000000000000000000000000000000000000000000000000000000000000000000000000000000000000000000000000000000000000000000000
00000000000000000000000000000000000000000000000000000000000000000000000000000000000000000000000000000000000000000000000000000000
00000000000000000000000000000000000000000000000000000000000000000000000000000000000000000000000000000000000000000000000000000000
00000000000000000000000000000000000000000000000000000000000000000000000000000000000000000000000000000000000000000000000000000000
00000000000000000000000000000000000000000000000000000000000000000000000000000000000000000000000000000000000000000000000000000000
00000000000000000000000000000000000000000000000000000000000000000000000000000000000000000000000000000000000000000000000000000000
00000000000000000000000000000000000000000000000000000000000000000000000000000000000000000000000000000000000000000000000000000000
00000000000000000000000000000000000000000000000000000000000000000000000000000000000000000000000000000000000000000000000000000000
00000000000000000000000000000000000000000000000000000000000000000000000000000000000000000000000000000000000000000000000000000000
00000000000000000000000000000000000000000000000000000000000000000000000000000000000000000000000000000000000000000000000000000000
00000000000000000000000000000000000000000000000000000000000000000000000000000000000000000000000000000000000000000000000000000000
00000000000000000000000000000000000000000000000000000000000000000000000000000000000000000000000000000000000000000000000000000000
00000000000000000000000000000000000000000000000000000000000000000000000000000000000000000000000000000000000000000000000000000000
00000000000000000000000001000100000000000000000000000000000000000000000000000000000010000000001000000000000000000000000000000000
00000000000000000000011111111111111111111111111111000000000000000000000000000001111111111111111111110000000000000000000000000000
00000000000000000001111111111111111111111111111111111000000000000000000000001111111111111111111111111111000000000000000000000000
00000000000000000001111111111111111111111111111111111111111000000000000000011111111111111111111111111111110000000000000000000000
00000000000000000011111111111111111111111111111111111111111100000000000000111111111111111111111111111111111100000000000000000000
00000000000000001111111111111111111111111111111111111111111111000000000000111111111111111111111111111111111110000000000000000000
00000000000000011111111111111111111111111111111111111111111111100000000001111111111111111111111111111111111111100000000000000000
00000000000000011111111111111111111111111111111111111111111111100000000011111111111111111111111111111111111111110000000000000000
00000000000001111111111111111111111111111111111111111111111111110000000111111111111111111111111111111111111111111100000000000000
00000000000011111111111111111111111111111111111111111111011111100000001111111111111111111111111111111111111111111110000000000000
00000000000111111111111111111111111111111111111111111111011111100000011111111111111111111111111111111111111111111110000000000000
00000000000111111111111111111111111111111111111111111111111111111000111111111111111111111111111111111111111111111111000000000000
00000000000111111111111111111111111111111111111111111111111111111111111111111111111111111111111111111111111111111111000000000000
00000000001111111111111111111111111111111111111111111111111111111111111111111111111111111111111111111111111111111111000000000000
00000000001111111111111111111111111111111111111111111111111111111111111111111111111111111100001111111111111111111111100000000000
00000000001111111111111111111111111111111111111111111111111111111111111111111111111100000000000011111111111111111111100000000000
00000000001111111111111111111111111111111111111111111111111111111111111111111111100000000000000011111111111111111111100000000000
00000000011111111111111111111111111001000000000111111111111111111111111111111111000000000000000000001111111111111111100000000000
00000000011111111111111111110000000000000000000000111111111111111111111111111110000000000000000000000011111111111111100000000000
00000000011111111111111100000000000000000000000000000111111111111111111111111110000000000000000000000001111111111111100000000000
00000000111111111111111100000000000000000000000000000001111111111111111111111100000000000000000000000001111111111111100000000000
00000001111111111111111100000000000000000000000000000000111111111111111111111100000000000000000000000000111111111111100000000000
00000001111111111111111000000000000000000000000000000000011111111111111111111000000000000000000000000000111111111111100000000000
00000001111111111111111000000000000000000000000000000000011111111111111111111000000000000000000000000000111111111111100000000000
00000011111111111111111000000000000000000000000000000000011111111111111111110000000000000000000000000000111111111111100000000000
00000011111111111111111000000000000000000000000000000000001111111111111111110000000000000000000000000000111111111111100000000000
00000011111111111111111000000000000000000000000000000000001111111111111111110000000000000000000000000000111111111111100000000000
00000011111111111111111000000000000000000000000000000000001111111111111111110000000000000000000000000000111111111111100000000000
00000011111111111111111000000000000000000000000000000000001111111111111111100000000000000000000000000000111111111111100000000000
00000011111111111111111000000000000000000000000000000000001111111111111111100000000000000000000000000000111111111111100000000000
00000011111111111111111000000000000000000000000000000000001111111111111111100000000000000000000000000000111111111111100000000000
00000011111111111111111000000000000000000000000000000000001111111111111111100000000000000000000000000000011111111111100000000000
00000011111111111111111000000000000000000000000000000000001111111111111111000000000000000000000000000000111111111111100000000000
00000011111111111111111000000000000000000000000000000000001111111111111111000000000000000000000000000000011111111111100000000000
00000011111111111111111000000000000000000000000000000000001111111111111110000000000000000000000000000000011111111111100000000000
00000011111111111111110000000000000000000000000000000000001111111111111110000000000000000000000000000000011111111111100000000000
00000011111111111111110000000000000000000000000000000000001111111111111110000000000000000000000000000000011111111111100000000000
00000011111111111111110000000000000000000000000000000000001111111111111110000000000000000000000000000000011111111111100000000000
00000011111111111111110000000000000000000000000000000000011111111111111110000000000000000000000000000000011111111111100000000000
00000011111111111111110000000000000000000000000000000000001111111111111110000000000000000000000000000000011111111111100000000000
00000011111111111111100000000000000000000000000000000000001111111111111111000000000000000000000000000000011111111111100000000000
00000011111111111111100000000000000000000000000000000000001111111111111111000000000000000000000000000000011111111111100000000000
00000011111111111111100000000000000000000000000000000000001111111111111111000000000000000000000000000000011111111111100000000000
00000011111111111111100000000000000000000000000000000000001111111111111110000000000000000000000000000000011111111111100000000000
00000011111111111111100000000000000000000000000000000000001111111111111110000000000000000000000000000000011111111111100000000000
00000011111111111111100000000000000000000000000000000000001111111111111110000000000000000000000000000000011111111111110000000000
00000011111111111111100000000000000000000000000000000000001111111111111110000000000000000000000000000000011111111111110000000000
00000011111111111111111111111110000000000000000000000000001111111111111110000000000000000000000000000000011111111111110000000000
00000011111111111111111111111111100000000000000000000000001111111111111100000000000000000000000000000000011111111111110000000000
00000001111111111111111111111111100000000000000000000000001111111111111100000000000000000000000000000000011111111111110000000000
00000001111111111111111111111111110000000000000000000000001111111111111100000000000000000000000000000000011111111111110000000000
00000001111111111111111111111111110000000000000000000000001111111111111100000000000000000000000000000000011111111111110000000000
00000001111111111111111111111111111100000000000000000000001111111111111100000000000000000000000000000000011111111111110000000000
00000001111111111111111111111111111100000000000000000000001111111111111100000000000000000000000000000000011111111111110000000000
00000001111111111111111111111111111100000000000000000000001111111111111100000000000000000000000000000000011111111111110000000000
00000001111111111111111111111111111110000000000000000000001111111111111100000000000000000000000000000000011111111111110000000000
00000001111111111111111111111111111110000000000000000000001111111111111100000000000000000000000000000000011111111111110000000000
00000001111111111111110001111111111110000000000000000000001111111111111100000000000000000000000000000000001111111111110000000000
00000001111111111111110000111111111110000000000000000000001111111111111100000000000000000000000000000000011111111111110000000000
00000001111111111111110000111111111110000000000000000000001111111111111100000000000000000000000000000000011111111111110000000000
00000001111111111111110000011111111111000000000000000000001111111111111100000000000000000000000000000000011111111111110000000000
00000001111111111111110000011111111111000000000000000000001111111111111100000000000000000000000000000000011111111111110000000000
00000001111111111111110000011111111111100000000000000000001111111111111100000000000000000000000000000000011111111111111000000000
00000000111111111111110000111111111111100000000000000000001111111111111100000000000000000000000000000000011111111111111000000000
00000000111111111111110000111111111111100000000000000000001111111111111100000000000000000000000000000000011111111111111000000000
00000000111111111111110000111111111111110000000000000000001111111111111100000000000000000000000000000000111111111111111000000000
00000000011111111111110001111111111111110000000000000000001111111111111100000000000000000000000000000000111111111111111000000000
00000000011111111111110001111111111111110000000000000000001111111111111100000000000000000000000000000000111111111111111000000000
00000000001111111111111001111111111111110000000000000000001111111111111100000000000000000000000000000000111111111111111000000000
00000000001111111111111011111111111111110000000000000000001111111111111100000000000000000000000000000000111111111111111000000000
00000000001111111111111111111111111111110000000000000000001111111111111100000000000000000000000000000000111111111111111000000000
00000000000111111111111111111111111111110000000000000000001111111111111100000000000000000000000000000000111111111111111000000000
00000000000111111111111111111111111111110000000000000000001111111111111100000000000000000000000000000000111111111111111000000000
00000000000111111111111111111111111111110000000000000000001111111111111100000000000000000000000000000001111111111111111000000000
00000000000111111111111111111111111111110000000000000000001111111111111100000000000000000000000000000001111111111111111000000000
00000000000011111111111111111111111111110000000000000000011111111111111100000000000000000000000000000001111111111111111000000000
00000000000011111111111111111111111111110000000000000000001111111111111100000000000000000000000000000001111111111111111000000000
00000000000001111111111111111111111111110000000000000000001111111111111100000000000000000000000000000001111111111111111000000000
00000000000000011111111111111111111111100000000000000000001111111111111100000000000000000000000000000001111111111111111000000000
00000000000000011111111111111111111111100000000000000000001111111111111100000000000000000000000000000001111111111111111000000000
00000000000000011111111111111111111100000000000000000000001111111111111100000000000000000000000000000001111111111111111000000000
00000000000000000000000001111111000000000000000000000000000011111111111100000000000000000000000000000000111111111111111000000000
00000000000000000000000000000000000000000000000000000000000000000000000000000000000000000000000000000000011111111111110000000000
00000000000000000000000000000000000000000000000000000000000000000000000000000000000000000000000000000000011111111111110000000000
00000000000000000000000000000000000000000000000000000000000000000000000000000000000000000000000000000000000011111111000000000000
00000000000000000000000000000000000000000000000000000000000000000000000000000000000000000000000000000000000000010000000000000000
00000000000000000000000000000000000000000000000000000000000000000000000000000000000000000000000000000000000000000000000000000000
00000000000000000000000000000000000000000000000000000000000000000000000000000000000000000000000000000000000000000000000000000000
00000000000000000000000000000000000000000000000000000000000000000000000000000000000000000000000000000000000000000000000000000000
00000000000000000000000000000000000000000000000000000000000000000000000000000000000000000000000000000000000000000000000000000000
00000000000000000000000000000000000000000000000000000000000000000000000000000000000000000000000000000000000000000000000000000000
00000000000000000000000000000000000000000000000000000000000000000000000000000000000000000000000000000000000000000000000000000000
00000000000000000000000000000000000000000000000000000000000000000000000000000000000000000000000000000000000000000000000000000000
00000000000000000000000000000000000000000000000000000000000000000000000000000000000000000000000000000000000000000000000000000000
00000000000000000000000000000000000000000000000000000000000000000000000000000000000000000000000000000000000000000000000000000000
00000000000000000000000000000000000000000000000000000000000000000000000000000000000000000000000000000000000000000000000000000000
00000000000000000000000000000000000000000000000000000000000000000000000000000000000000000000000000000000000000000000000000000000
00000000000000000000000000000000000000000000000000000000000000000000000000000000000000000000000000000000000000000000000000000000
00000000000000000000000000000000000000000000000000000000000000000000000000000000000000000000000000000000000000000000000000000000
00000000000000000000000000000000000000000000000000000000000000000000000000000000000000000000000000000000000000000000000000000000
00000000000000000000000000000000000000000000000000000000000000000000000000000000000000000000000000000000000000000000000000000000
00000000000000000000000000000000000000000000000000000000000000000000000000000000000000000000000000000000000000000000000000000000
00000000000000000000000000000000000000000000000000000000000000000000000000000000000000000000000000000000000000000000000000000000
00000000000000000000000000000000000000000000000000000000000000000000000000000000000000000000000000000000000000000000000000000000
00000000000000000000000000000000000000000000000000000000000000000000000000000000000000000000000000000000000000000000000000000000
