00000000000000000000000000000000000000000000000000000000000000000000000000000000000000000000000000000000000000000000000000000000
00000000000000000000000000000000000000000000000000000000000000000000000000000000000000000000000000000000000000000000000000000000
00000000000000000000000000000000000000000000000000000000000000000000000000000000000000000000000000000000000000000000000000000000
00000000000000000000000000000000000000000000000000000000000000000000000000000000000000000000000000000000000000000000000000000000
00000000000000000000000000000000000000000000000000000000000000000000000000000000000000000000000000000000000000000000000000000000
00000000000000000000000000000000000000000000000000000000000000000000000000000000000000000000000000000000000000000000000000000000
00000000000000000000000000000000000000000000000000000000000000000000000000000000000000000000000000000000000000000000000000000000
00000000000000000000000000000000000000000000000000000000000000000000000000000000000000000000000000000000000000000000000000000000
00000000000000000000000000000000000000000000000000000000000000000000000000000000000000000000000000000000000000000000000000000000
00000000000000000000000000000000000000000000000000000000000000000000000000000000000000000000000000000000000000000000000000000000
00000000000000000000000000000000000000000000000000000000000000000000000000000000000000000000000000000000000000000000000000000000
00000000000000000000000000000000000000000000000000000000000000000000000000000000000000000000000000000000000000000000000000000000
00000000000000000000000000000000000000000000000000000000000000000000000000000000000000000000000000000000000000000000000000000000
00000000000000000000000000000000000000000000000000000000000000000000000000000000000000000000000000000000000000000000000000000000
00000000000000000000000000000000000000000000000000000000000000000000000000000000000000000000000000000000000000000000000000000000
00000000000000000000000000000000000000000000000000000000000000000000000000000000000000000000000000000000000000000000000000000000
00000000000000000000000000000000000000000000000000000000000000000000000000000000000000000000000000000000000000000000000000000000
00000000000000000000000000000000000000000000000000000000000000000000000000000000000000000000000000000000000000000000000000000000
00000000000000000000000000000000000000000000000000000000000000000000000000000000000000000000000000000000000000000000000000000000
00000000000000000000000000000000000000000000000000000000000000000000000000000000000000000000000000000000000000000000000000000000
00000000000000000000000000000000000000000000000000000000000000000000000000000000000000000000000000000000000000000000000000000000
00000000000000000000000000000000000000000000000000000000000000000000000000000000000000000000000000000000000000000000000000000000
00000000000000000000000000000000000000000000000000000000000000000000000000000000000000000000000000000000000000000000000000000000
00000000000000000000000000000000000000000000000000000000000000000000000000000000000000000000000000000000000000000000000000000000
00000000000000000000000000000000000000000000000000000000000000000000000000000000000000000000000000000000000000000000000000000000
00000000000000000000000000000000000000000000000000000000000000000000000000000000000000000000000000000000000000000000000000000000
00000000000000000000000000000000000000000000000000000000000000000000000000000000000000000000000000000000000000000000000000000000
00000000000000000000000000000000000000000000000000000000000000000000000000000000000000000000000000000000000000000000000000000000
00000000000000000000000000000000000000000000000000000000000000000000000100001000000000000000000000000000000000000000000000000000
00000000000000000000000000000000000000000000000000000000000000000111111111111111100000000000000000000000000000000000000000000000
00000000000000000000000000000000000000000000000000000000000000011111111111111111111100000000000000000000000000000000000000000000
00000000000000000000000000000000000000000000000000000000000111111111111111111111111111100000000000000000000000000000000000000000
00000000000000000000000000011111111111111111110000000000001111111111111111111111111111110000000000000000000000000000000000000000
00000000000000000000000011111111111111111111111100000000111111111111111111111111111111111000000000000000000000000000000000000000
00000000000000000000001111111111111111111111111110000011111111111111111111111111111111111100000000000000000000000000000000000000
00000000000000000000111111111111111111111111111111101111111111111111111111111111111111111110000000000000000000000000000000000000
00000000000000000011111111111111111111111111111111111111111111111111111111111111111111111111000000000000000000000000000000000000
00000000000000001111111111111111111111111111111111111111111111111111111111111111111111111111000000000000000000000000000000000000
00000000000000011111111111111111111111111111111111111111111111111111111111111111111111111111000000000000000000000000000000000000
00000000000000111111111111111111111111111111111111111111111111111111111111111111111111111111000000000000000000000000000000000000
00000000000011111111111111111111111111111111111111111111111111111111111111111111111111111111100000000000000000000000000000000000
00000000000011111111111111111111111111111111111111111111111111111111111111111111111111111111100000000000000000000000000000000000
00000000000111111111111111111111000000111111111111111111111111111111000000111111111111111111110000000000000000000000000000000000
00000000001111111111111111111100000000001111111111111111111111111110000000001111111111111111110000000000000000000000000000000000
00000000001111111111111111111000000000000011111111111111111111111100000000000001111111111111110000000000000000000000000000000000
00000000001111111111111111110000000000000000011111111111111111111000000000000000111111111111110000000000000000000000000000000000
00000000001111111111111110000000000000000000001111111111111111111000000000000000111111111111110000000000000000000000000000000000
00000000001111111111111100000000000000000000000111111111111111111000000000000000011111111111111000000000000000000000000000000000
00000000001111111111111100000000000000000000000111111111111111110000000000000000001111111111111100000000000000000000000000000000
00000000011111111111111000000000000000000000000111111111111111110000000000000000000111111111111100000000000000000000000000000000
00000000011111111111111000000000000000000000000011111111111111110000000000000000000111111111111100000000000000000000000000000000
00000000111111111111110000000000000000000000000011111111111111110000000000000000000011111111111100000000000000000000000000000000
00000000111111111111110000000000000000000000000011111111111111100000000000000000000011111111111100000000000000000000000000000000
00000000111111111111100000000000000000000000000011111111111111100000000000000000000011111111111110000000000000000000000000000000
00000001111111111111000000000000000000000000000011111111111111100000000000000000000011111111111110000000000000000000000000000000
00000001111111111111000000000000000000000000000011111111111111000000000000000000000011111111111110000000000000000000000000000000
00000011111111111111000000000000000000000000000011111111111111000000000000000000000011111111111111000000000000000000000000000000
00000011111111111111000000000000000000000000000011111111111111000000000000000000000011111111111111000000000000000000000000000000
00000011111111111110000000000000000000000000000011111111111111000000000000000000000001111111111111000000000000000000000000000000
00000011111111111110000000000000000000000000000011111111111110000000000000000000000001111111111111000000000000000000000000000000
00000011111111111110000000000000000000000000000011111111111110000000000000000000000001111111111111000000000000000000000000000000
00000011111111111110000000000000000000000000000011111111111110000000000000000000000001111111111111000000000000000000000000000000
00000111111111111100000000000000000000000000000011111111111110000000000000000000000001111111111111100000000000000000000000000000
00000111111111111100000000000000000000000000000011111111111100000000000000000000000001111111111111100000000000000000000000000000
00000111111111111100000000000000000000000000000011111111111100000000000000000000000000111111111111100000000000000000000000000000
00000111111111111100000000000000000000000000000011111111111100000000000000000000000000111111111111100000000000000000000000000000
00000111111111111100000000000000000000000000000011111111111100000000000000000000000000111111111111100000000000000000000000000000
00000111111111111100000000000000000000000000000011111111111100000000000000000000000000111111111111100000000000000000000000000000
00000111111111111100000000000000000000000000000011111111111100000000000000000000000000111111111111100000000000000000000000000000
00000111111111111100000000000000000000000000000011111111111100000000000000000000000000111111111111100000000000000000000000000000
00000111111111111100000000000000000000000000000011111111111100000000000000000000000000111111111111100000000000000000000000000000
00000111111111111110000000000000000000000000000011111111111100000000000000000000000000111111111111100000000000000000000000000000
00000111111111111111000000000000000000000000000011111111111110000000000000000000000000111111111111100000000000000000000000000000
00000111111111111111110000000000000000000000000011111111111110000000000000000000000000111111111111100000000000000000000000000000
00000111111111111111111100000000000000000000000011111111111100000000000000000000000000111111111111100000000000000000000000000000
00000111111111111111111110000000000000000000000011111111111100000000000000000000000000111111111111100000000000000000000000000000
00000111111111111111111111000000000000000000000011111111111100000000000000000000000000111111111111100000000000000000000000000000
00000111111111111111111111110000000000000000000011111111111100000000000000000000000000111111111111100000000000000000000000000000
00000111111111111111111111111000000000000000000011111111111100000000000000000000000000111111111111000000000000000000000000000000
00000111111111111111111111111100000000000000000011111111111100000000000000000000000000111111111111000000000000000000000000000000
00000111111111111111111111111100000000000000000011111111111100000000000000000000000001111111111111000000000000000000000000000000
00000111111111110001111111111110000000000000000011111111111100000000000000000000000001111111111111000000000000000000000000000000
00000111111111110000111111111110000000000000000011111111111100000000000000000000000011111111111111000000000000000000000000000000
00000111111111110000111111111110000000000000000011111111111100000000000000000000000001111111111111000000000000000000000000000000
00000111111111110000011111111111000000000000000011111111111110000000000000000000000001111111111110000000000000000000000000000000
00000111111111111000111111111111000000000000000011111111111110000000000000000000000011111111111110000000000000000000000000000000
00000111111111111000111111111110000000000000000011111111111110000000000000000000000011111111111110000000000000000000000000000000
00000111111111111001111111111110000000000000000011111111111110000000000000000000000011111111111110000000000000000000000000000000
00000111111111111111111111111110000000000000000011111111111110000000000000000000000011111111111110000000000000000000000000000000
00000111111111111111111111111110000000000000000011111111111110000000000000000000000011111111111110000000000000000000000000000000
00000111111111111111111111111111000000000000000011111111111110000000000000000000000011111111111100000000000000000000000000000000
00000111111111111111111111111110000000000000000011111111111110000000000000000000000011111111111100000000000000000000000000000000
00000111111111111111111111111110000000000000000011111111111110000000000000000000000011111111111100000000000000000000000000000000
00000111111111111111111111111110000000000000000011111111111110000000000000000000000011111111111100000000000000000000000000000000
00000111111111111111111111111100000000000000000011111111111110000000000000000000000111111111111100000000000000000000000000000000
00000111111111111111111111111100000000000000000011111111111110000000000000000000000111111111111100000000000000000000000000000000
00000111111111111111111111111100000000000000000011111111111110000000000000000000000111111111111100000000000000000000000000000000
00000011111111111111111111111000000000000000000011111111111110000000000000000000000111111111111100000000000000000000000000000000
00000011111111111111111111111000000000000000000011111111111110000000000000000000000111111111111100000000000000000000000000000000
00000001111111111111111111110000000000000000000011111111111110000000000000000000000111111111111100000000000000000000000000000000
00000001111111111111111111110000000000000000000011111111111110000000000000000000000111111111111100000000000000000000000000000000
00000000111111111111111111110000000000000000000011111111111110000000000000000000000111111111111000000000000000000000000000000000
00000000011111111111111111110000000000000000000011111111111110000000000000000000000111111111111000000000000000000000000000000000
00000000000111111111111111100000000000000000000011111111111110000000000000000000000111111111110000000000000000000000000000000000
00000000000000011111111110000000000000000000000011111111111100000000000000000000000111111111110000000000000000000000000000000000
00000000000000000000000000000000000000000000000011111111111100000000000000000000000111111111100000000000000000000000000000000000
00000000000000000000000000000000000000000000000000000000000000000000000000000000000000000000000000000000000000000000000000000000
00000000000000000000000000000000000000000000000000000000000000000000000000000000000000000000000000000000000000000000000000000000
00000000000000000000000000000000000000000000000000000000000000000000000000000000000000000000000000000000000000000000000000000000
00000000000000000000000000000000000000000000000000000000000000000000000000000000000000000000000000000000000000000000000000000000
00000000000000000000000000000000000000000000000000000000000000000000000000000000000000000000000000000000000000000000000000000000
00000000000000000000000000000000000000000000000000000000000000000000000000000000000000000000000000000000000000000000000000000000
00000000000000000000000000000000000000000000000000000000000000000000000000000000000000000000000000000000000000000000000000000000
00000000000000000000000000000000000000000000000000000000000000000000000000000000000000000000000000000000000000000000000000000000
00000000000000000000000000000000000000000000000000000000000000000000000000000000000000000000000000000000000000000000000000000000
00000000000000000000000000000000000000000000000000000000000000000000000000000000000000000000000000000000000000000000000000000000
00000000000000000000000000000000000000000000000000000000000000000000000000000000000000000000000000000000000000000000000000000000
00000000000000000000000000000000000000000000000000000000000000000000000000000000000000000000000000000000000000000000000000000000
00000000000000000000000000000000000000000000000000000000000000000000000000000000000000000000000000000000000000000000000000000000
00000000000000000000000000000000000000000000000000000000000000000000000000000000000000000000000000000000000000000000000000000000
00000000000000000000000000000000000000000000000000000000000000000000000000000000000000000000000000000000000000000000000000000000
00000000000000000000000000000000000000000000000000000000000000000000000000000000000000000000000000000000000000000000000000000000
00000000000000000000000000000000000000000000000000000000000000000000000000000000000000000000000000000000000000000000000000000000
00000000000000000000000000000000000000000000000000000000000000000000000000000000000000000000000000000000000000000000000000000000
00000000000000000000000000000000000000000000000000000000000000000000000000000000000000000000000000000000000000000000000000000000
00000000000000000000000000000000000000000000000000000000000000000000000000000000000000000000000000000000000000000000000000000000
00000000000000000000000000000000000000000000000000000000000000000000000000000000000000000000000000000000000000000000000000000000
00000000000000000000000000000000000000000000000000000000000000000000000000000000000000000000000000000000000000000000000000000000
