00000000000000000000000000000000000000000000000000000000000000000000000000000000000000000000000000000000000000000000000000000000
00000000000000000000000000000000000000000000000000000000000000000000000000000000000000000000000000000000000000000000000000000000
00000000000000000000000000000000000000000000000000000000000000000000000000000000000000000000000000000000000000000000000000000000
00000000000000000000000000000000000000000000000000000000000000000000000000000000000000000000000000000000000000000000000000000000
00000000000000000000000000000000000000000000000000000000000000000000000000000000000000000000000000000000000000000000000000000000
00000000000000000000000000000000000000000000000000000000000000000000000000000000000000000000000000000000000000000000000000000000
00000000000000000000000000000000000000000000000000000000000000000000000000000000000000000000000000000000000000000000000000000000
00000000000000000000000000000000000000000000000000000000000000000000000000000000000000000000000000000000000000000000000000000000
00000000000000000000000000000000000000000000000000000000000000000000000000000000000000000000000000000000000000000000000000000000
00000000000000000000000000000000000000000000000000000000000000000000000000000000000000000000000000000000000000000000000000000000
00000000000000000000000000000000000000000000000000000000000000000000000000000000000000000000000000000000000000000000000000000000
00000000000000000000000000000000000000000000000000000000000000000000000000000000000000000000000000000000000000000000000000000000
00000000000000000000000000000000000000000000000000000000000000000000000000000000000000000000000000000000000000000000000000000000
00000000000000000000000000000000000000000000000000000000000000000000000000000000000000000000000000000000000000000000000000000000
00000000000000000000000000000000000000000000000000000000000000000000000000000000000000000000000000000000000000000000000000000000
00000000000000000000000000000000000000000000000000000000000000000000000000000000000000000000000000000000000000000000000000000000
00000000000000000000000000000000000000000000000000000000000000000000000000000000000000000000000000000000000000000000000000000000
00000000000000000000000000000000000000000000000000000000000000000000000000000000000000000000000000000000000000000000000000000000
00000000000000000000000000000000000000000000000000000000000000000000000000000000000000000000000000000000000000000000000000000000
00000000000000000000000000000000000000000000000000000000000000000000000000000000000000000000000000000000000000000000000000000000
00000000000000000000000000000000000000000000000000000000000000000000000000000000000000000000000000000000000000000000000000000000
00000000000000000000000000000101000000000010000000000000000000000000000000000000000000000000000000000000000000000000000000000000
00000000000000000000000001111111111111111111110000000000000000000000000000000000000000000000000000000000000000000000000000000000
00000000000000000000000011111111111111111111111110000000000000000000000000000011111111111110000000000000000000000000000000000000
00000000000000000000001111111111111111111111111111111000000000000000000000001111111111111111110000000000000000000000000000000000
00000000000000000000111111111111111111111111111111111100000000000000000000011111111111111111111100000000000000000000000000000000
00000000000000000011111111111111111111111111111111111111000000000000000000111111111111111111111110000000000000000000000000000000
00000000000000000111111111111111111111111111111111111111000000000000000001111111111111111111111111100000000000000000000000000000
00000000000000011111111111111111111111111111111111111111100000000000000001111111111111111111111111110000000000000000000000000000
00000000000000111111111111111111111111111111111111111111110000000000000011111111111111111111111111111100000000000000000000000000
00000000000000111111111111111111111111111111111111111111111000000000000011111111111111111111111111111110000000000000000000000000
00000000000001111111111111111111111111111111111111111111111100000000000111111111111111111111111111111111000000000000000000000000
00000000000001111111111111111000001000000000111111111111111100000000001111111111111111111111111111111111100000000000000000000000
00000000000001111111111111100000000000000000000011111111111100000000001111111111111111111111111111111111110000000000000000000000
00000000000011111111111111000000000000000000000011111111111110000000011111111111111111111111111111111111111000000000000000000000
00000000000011111111111111000000000000000000000001111111111111000000111111111111111110111111111111111111111000000000000000000000
00000000000011111111111111000000000000000000000000111111111111000001111111111111110000000111111111111111111000000000000000000000
00000000000011111111111110000000000000000000000000011111111111000001111111111111000000000001111111111111111100000000000000000000
00000000000011111111111100000000000000000000000000001111111111000111111111111000000000000000001111111111111110000000000000000000
00000000000011111111111100000000000000000000000000000111111111111111111111110000000000000000000111111111111111000000000000000000
00000000000111111111111100000000000000000000000000000011111111111111111111110000000000000000000011111111111111000000000000000000
00000000000111111111111000000000000000000000000000000011111111111111111111110000000000000000000001111111111111000000000000000000
00000000000111111111111000000000000000000000000000000011111111111111111111000000000000000000000000111111111111000000000000000000
00000000001111111111110000000000000000000000000000000001111111111111111111000000000000000000000000011111111111000000000000000000
00000000001111111111110000000000000000000000000000000001111111111111111111000000000000000000000000011111111111000000000000000000
00000000001111111111100000000000000000000000000000000001111111111111111110000000000000000000000000011111111111000000000000000000
00000000001111111111100000000000000000000000000000000001111111111111111110000000000000000000000000001111111111000000000000000000
00000000001111111111100000000000000000000000000000000001111111111111111110000000000000000000000000001111111111000000000000000000
00000000011111111111000000000000000000000000000000000000111111111111111100000000000000000000000000001111111111000000000000000000
00000000011111111111000000000000000000000000000000000000111111111111111100000000000000000000000000001111111111000000000000000000
00000000011111111111000000000000000000000000000000000000111111111111111100000000000000000000000000001111111111000000000000000000
00000000011111111111000000000000000000000000000000000000111111111111111100000000000000000000000000001111111111000000000000000000
00000000011111111110000000000000000000000000000000000000111111111111111000000000000000000000000000001111111111000000000000000000
00000000011111111110000000000000000000000000000000000000111111111111111100000000000000000000000000001111111111000000000000000000
00000000011111111110000000000000000000000000000000000000111111111111111000000000000000000000000000001111111111000000000000000000
00000000011111111110000000000000000000000000000000000000111111111111111000000000000000000000000000001111111111000000000000000000
00000000111111111100000000000000000000000000000000000000111111111111111000000000000000000000000000001111111111000000000000000000
00000000011111111100000000000000000000000000000000000000111111111111111000000000000000000000000000001111111111000000000000000000
00000000011111111100000000000000000000000000000000000000111111111111110000000000000000000000000000001111111111000000000000000000
00000000011111111100000000000000000000000000000000000000111111111111110000000000000000000000000000001111111111000000000000000000
00000000011111111100000000000000000000000000000000000000111111111111110000000000000000000000000000001111111111000000000000000000
00000000011111111100000000000000000000000000000000000000111111111111110000000000000000000000000000011111111111000000000000000000
00000000011111111100000000000000000000000000000000000000111111111111110000000000000000000000000000011111111111000000000000000000
00000000011111111100000000000000000000000000000000000000111111111111110000000000000000000000000000011111111111000000000000000000
00000000011111111100000000000000000000000000000000000000111111111111100000000000000000000000000000011111111111000000000000000000
00000000011111111111111000000000000000000000000000000000111111111111100000000000000000000000000000011111111111000000000000000000
00000000011111111111111100000000000000000000000000000000111111111111100000000000000000000000000000011111111111000000000000000000
00000000011111111111111100000000000000000000000000000000111111111111100000000000000000000000000000011111111111000000000000000000
00000000011111111111111110000000000000000000000000000000111111111111100000000000000000000000000000011111111111000000000000000000
00000000011111111111111110000000000000000000000000000000111111111111100000000000000000000000000000011111111111000000000000000000
00000000011111111111111111000000000000000000000000000000111111111111100000000000000000000000000000011111111111000000000000000000
00000000011111111111111111000000000000000000000000000000111111111111100000000000000000000000000000111111111111000000000000000000
00000000011111111111111111000000000000000000000000000000111111111111100000000000000000000000000000111111111111000000000000000000
00000000011111111111111111000000000000000000000000000000111111111111000000000000000000000000000000111111111111000000000000000000
00000000011111111111111111000000000000000000000000000000111111111111000000000000000000000000000000111111111111000000000000000000
00000000011111111111111111000000000000000000000000000000111111111111000000000000000000000000000000111111111111000000000000000000
00000000011111111111111111000000000000000000000000000000111111111111000000000000000000000000000000111111111111000000000000000000
00000000011111111111111111000000000000000000000000000000111111111111000000000000000000000000000000111111111111000000000000000000
00000000011111111111111111000000000000000000000000000000111111111111000000000000000000000000000000111111111111000000000000000000
00000000011111111111111111000000000000000000000000000000111111111111000000000000000000000000000000111111111111000000000000000000
00000000011111111111111111100000000000000000000000000000111111111111000000000000000000000000000000111111111110000000000000000000
00000000011111111111111111000000000000000000000000000001111111111111000000000000000000000000000000111111111110000000000000000000
00000000001111111111111111000000000000000000000000000001111111111111000000000000000000000000000000011111111110000000000000000000
00000000001111111111111111000000000000000000000000000001111111111110000000000000000000000000000000011111111110000000000000000000
00000000001111111111111110000000000000000000000000000001111111111110000000000000000000000000000000011111111110000000000000000000
00000000000111111111111110000000000000000000000000000001111111111110000000000000000000000000000000011111111110000000000000000000
00000000000011111111110000000000000000000000000000000001111111111110000000000000000000000000000000011111111110000000000000000000
00000000000000000000000000000000000000000000000000000001111111111110000000000000000000000000000000011111111110000000000000000000
00000000000000000000000000000000000000000000000000000001111111111110000000000000000000000000000000011111111110000000000000000000
00000000000000000000000000000000000000000000000000000000111111111110000000000000000000000000000000000111111000000000000000000000
00000000000000000000000000000000000000000000000000000000000000000000000000000000000000000000000000000000000000000000000000000000
00000000000000000000000000000000000000000000000000000000000000000000000000000000000000000000000000000000000000000000000000000000
00000000000000000000000000000000000000000000000000000000000000000000000000000000000000000000000000000000000000000000000000000000
00000000000000000000000000000000000000000000000000000000000000000000000000000000000000000000000000000000000000000000000000000000
00000000000000000000000000000000000000000000000000000000000000000000000000000000000000000000000000000000000000000000000000000000
00000000000000000000000000000000000000000000000000000000000000000000000000000000000000000000000000000000000000000000000000000000
00000000000000000000000000000000000000000000000000000000000000000000000000000000000000000000000000000000000000000000000000000000
00000000000000000000000000000000000000000000000000000000000000000000000000000000000000000000000000000000000000000000000000000000
00000000000000000000000000000000000000000000000000000000000000000000000000000000000000000000000000000000000000000000000000000000
00000000000000000000000000000000000000000000000000000000000000000000000000000000000000000000000000000000000000000000000000000000
00000000000000000000000000000000000000000000000000000000000000000000000000000000000000000000000000000000000000000000000000000000
00000000000000000000000000000000000000000000000000000000000000000000000000000000000000000000000000000000000000000000000000000000
00000000000000000000000000000000000000000000000000000000000000000000000000000000000000000000000000000000000000000000000000000000
00000000000000000000000000000000000000000000000000000000000000000000000000000000000000000000000000000000000000000000000000000000
00000000000000000000000000000000000000000000000000000000000000000000000000000000000000000000000000000000000000000000000000000000
00000000000000000000000000000000000000000000000000000000000000000000000000000000000000000000000000000000000000000000000000000000
00000000000000000000000000000000000000000000000000000000000000000000000000000000000000000000000000000000000000000000000000000000
00000000000000000000000000000000000000000000000000000000000000000000000000000000000000000000000000000000000000000000000000000000
00000000000000000000000000000000000000000000000000000000000000000000000000000000000000000000000000000000000000000000000000000000
00000000000000000000000000000000000000000000000000000000000000000000000000000000000000000000000000000000000000000000000000000000
00000000000000000000000000000000000000000000000000000000000000000000000000000000000000000000000000000000000000000000000000000000
00000000000000000000000000000000000000000000000000000000000000000000000000000000000000000000000000000000000000000000000000000000
00000000000000000000000000000000000000000000000000000000000000000000000000000000000000000000000000000000000000000000000000000000
00000000000000000000000000000000000000000000000000000000000000000000000000000000000000000000000000000000000000000000000000000000
00000000000000000000000000000000000000000000000000000000000000000000000000000000000000000000000000000000000000000000000000000000
00000000000000000000000000000000000000000000000000000000000000000000000000000000000000000000000000000000000000000000000000000000
00000000000000000000000000000000000000000000000000000000000000000000000000000000000000000000000000000000000000000000000000000000
00000000000000000000000000000000000000000000000000000000000000000000000000000000000000000000000000000000000000000000000000000000
00000000000000000000000000000000000000000000000000000000000000000000000000000000000000000000000000000000000000000000000000000000
00000000000000000000000000000000000000000000000000000000000000000000000000000000000000000000000000000000000000000000000000000000
00000000000000000000000000000000000000000000000000000000000000000000000000000000000000000000000000000000000000000000000000000000
00000000000000000000000000000000000000000000000000000000000000000000000000000000000000000000000000000000000000000000000000000000
00000000000000000000000000000000000000000000000000000000000000000000000000000000000000000000000000000000000000000000000000000000
00000000000000000000000000000000000000000000000000000000000000000000000000000000000000000000000000000000000000000000000000000000
00000000000000000000000000000000000000000000000000000000000000000000000000000000000000000000000000000000000000000000000000000000
00000000000000000000000000000000000000000000000000000000000000000000000000000000000000000000000000000000000000000000000000000000
00000000000000000000000000000000000000000000000000000000000000000000000000000000000000000000000000000000000000000000000000000000
00000000000000000000000000000000000000000000000000000000000000000000000000000000000000000000000000000000000000000000000000000000
