00000000000000000000000000000000000000000000000000000000000000000000000000000000000000000000000000000000000000000000000000000000
00000000000000000000000000000000000000000000000000000000000000000000000000000000000000000000000000000000000000000000000000000000
00000000000000000000000000000000000000000000000000000000000000000000000000000000000000000000000000000000000000000000000000000000
00000000000000000000000000000000000000000000000000000000000000000000000000000000000000000000000000000000000000000000000000000000
00000000000000000000000000000000000000000000000000000000000000000000000000000000000000000000000000000000000000000000000000000000
00000000000000000000000000000000000000000000000000000000000000000000000000000000000000000000000000000000000000000000000000000000
00000000000000000000000000000000000000000000000000000000000000000000000000000000000000000000000000000000000000000000000000000000
00000000000000000000000000000000000000000000000000000000000000000000000000000000000000000000000000000000000000000000000000000000
00000000000000000000000000000000000000000000000000000000000000000000000000000000000000000000000000000000000000000000000000000000
00000000000000000000000000000000000000000000000000000000000000000000000000000000000000000000000000000000000000000000000000000000
00000000000000000000000000000000000000000000000000000000000000000000000000000000000000000000000000000000000000000000000000000000
00000000000000000000000000000000000000000000000000000000000000000000000000000000000000000000000000000000000000000000000000000000
00000000000000000000000000000000000000000000000000000000000000000000000000000000000000000000000000000000000000000000000000000000
00000000000000000000000000000000000000000000000000000000000000000000000000000000000000000000000000000000000000000000000000000000
00000000000000000000000000000000000000000000000000000000000000000000000000000000000000000000000000000000000000000000000000000000
00000000000000000000000000000000000000000000000000000000000000000000000000000000000000000000000000000000000000000000000000000000
00000000000000000000000000000000000000000000000000000000000000000000000000000000000000000000000000000000000000000000000000000000
00000000000000000000000000000000000000000000000000000000000000000000000000000000000000000000000000000000000000000000000000000000
00000000000000000000000000000000000000000000000000000000000000000000000000000000000000000000000000000000000000000000000000000000
00000000000000000000000000000000000000000000000000000000000000000000000000000000000000000000000000000000000000000000000000000000
00000000000000000000000000000000000000000000000000000000000000000000000000000000000000000000000000000000000000000000000000000000
00000000000000000000000000000000000000000000000000000000000000000000000000000000000000000000000000000000000000000000000000000000
00000000000000000000000000000000000000000000000000000000000000000000000000000000000000000000000000000000000000000000000000000000
00000000000000000000000000000000000000000000000000000000000000000000000000000000000000000000000000000000000000000000000000000000
00000000000000000000000000000000000000000000000000000000000000000000000000000000000000000000000000000000000000000000000000000000
00000000000000000000000000000000000000000000000000000000000000000000000000000000000000000000000000000000000000000000000000000000
00000000000000000000000000000000000000000000000000000000000000000000000000000000000000000000000000000000000000000000000000000000
00000000000000000000000000000000000000000000000000000000000000000000000000000000000000000000000000000000000000000000000000000000
00000000000000000000000000000000000000000000000000000000000000000000000000000000000000000000000000000000000000000000000000000000
00000000000000000000000000000000000000000000000000000000000000000000000000000000000000000000000000000000000000000000000000000000
00000000000000000000000000000000000000000000000000000000000000000000000000000000000000000000000000000000000000000000000000000000
00000000000000000000000000000000000000000000000000000000000000000000000000000000000000000000000000000000000000000000000000000000
00000000000000000000000000000000000000000000000000000000000000000000000000000000000000000000000000000000000000000000000000000000
00000000000000000000000000000000000000011111111111111111111100000000000000000000000000000000000000000000000000000000000000000000
00000000000000000000000000000001111111111111111111111111111111100000000111111111111111111111000000000000000000000000000000000000
00000000000000000000000000000111111111111111111111111111111111110000001111111111111111111111110000000000000000000000000000000000
00000000000000000000000000011111111111111111111111111111111111111000011111111111111111111111111110000000000000000000000000000000
00000000000000000000000011111111111111111111111111111111111111111111111111111111111111111111111111000000000000000000000000000000
00000000000000000000000111111111111111111111111111111111111111111111111111111111111111111111111111000000000000000000000000000000
00000000000000000000001111111111111111111111111111111111111111111111111111111111111111111111111111111000000000000000000000000000
00000000000000000000111111111111111111111111111111111111111111111111111111111111111111111111111111111110000000000000000000000000
00000000000000000001111111111111111111111111111111111111111111111111111111111111111111111111111111111111000000000000000000000000
00000000000000000001111111111111111111111111111111111111111111111111111111111111111111111111111111111111110000000000000000000000
00000000000000000011111111111111111111111111111111111111111111111111111111111111111111111111111111111111111000000000000000000000
00000000000000000011111111111111111111111111111111111111111111111111111111111111111111111111111111111111111000000000000000000000
00000000000000000011111111111111111111111111111111111111111111111111111111111111111111111111111111111111111000000000000000000000
00000000000000000111111111111111111111111111111111111111111111111111111111111111111111111111111111111111111100000000000000000000
00000000000000000111111111111111111111111111111111111111111111111111111111100000000000111111111111111111111100000000000000000000
00000000000000001111111111111111111111110000000011111111111111111111111111000000000000000111111111111111111100000000000000000000
00000000000000011111111111111111111100000000000000010011111111111111111111000000000000000001111111111111111110000000000000000000
00000000000000011111111111111111110000000000000000000000111111111111111111100000000000000000111111111111111110000000000000000000
00000000000000111111111111111111100000000000000000000000011111111111111111100000000000000000011111111111111110000000000000000000
00000000000001111111111111111111000000000000000000000000001111111111111111100000000000000000001111111111111111000000000000000000
00000000000001111111111111111111000000000000000000000000000111111111111111100000000000000000001111111111111111000000000000000000
00000000000001111111111111111110000000000000000000000000000111111111111111100000000000000000000111111111111111000000000000000000
00000000000011111111111111111000000000000000000000000000000111111111111111100000000000000000000111111111111111000000000000000000
00000000000011111111111111111000000000000000000000000000000011111111111111100000000000000000000111111111111111000000000000000000
00000000000111111111111111100000000000000000000000000000000011111111111111100000000000000000000111111111111111000000000000000000
00000000000111111111111111100000000000000000000000000000000011111111111111100000000000000000000111111111111111000000000000000000
00000000000111111111111111000000000000000000000000000000000011111111111111100000000000000000000111111111111111000000000000000000
00000000000111111111111111000000000000000000000000000000000011111111111111100000000000000000000111111111111111000000000000000000
00000000000111111111111111000000000000000000000000000000000011111111111111100000000000000000000111111111111111000000000000000000
00000000001111111111111110000000000000000000000000000000000001111111111111100000000000000000000111111111111111000000000000000000
00000000001111111111111110000000000000000000000000000000000001111111111111100000000000000000000111111111111111000000000000000000
00000000001111111111111111000000000000000000000000000000000001111111111111100000000000000000000111111111111111000000000000000000
00000000001111111111111110000000000000000000000000000000000001111111111111100000000000000000000011111111111111100000000000000000
00000000001111111111111110000000000000000000000000000000000001111111111111100000000000000000000011111111111111100000000000000000
00000000001111111111111111111000000000000000000000000000000001111111111111100000000000000000000111111111111111100000000000000000
00000000001111111111111111111111000000000000000000000000000001111111111111100000000000000000000011111111111111100000000000000000
00000000001111111111111111111111000000000000000000000000000001111111111111110000000000000000000111111111111111100000000000000000
00000000001111111111111111111111100000000000000000000000000001111111111111110000000000000000000011111111111111100000000000000000
00000000001111111111111111111111110000000000000000000000000000111111111111100000000000000000000011111111111111100000000000000000
00000000001111111111111111111111111000000000000000000000000000111111111111100000000000000000000011111111111111100000000000000000
00000000001111111111111111111111111000000000000000000000000000111111111111100000000000000000000011111111111111100000000000000000
00000000001111111111111011111111111100000000000000000000000000111111111111100000000000000000000011111111111111100000000000000000
00000000001111111111110000111111111100000000000000000000000000111111111111100000000000000000000011111111111111100000000000000000
00000000001111111111110000011111111100000000000000000000000000111111111111100000000000000000000011111111111111100000000000000000
00000000001111111111110000001111111110000000000000000000000000111111111111100000000000000000000011111111111111100000000000000000
00000000001111111111111000000111111110000000000000000000000000111111111111100000000000000000000011111111111111100000000000000000
00000000001111111111110000000111111110000000000000000000000000111111111111100000000000000000000011111111111111100000000000000000
00000000001111111111110000000011111110000000000000000000000001111111111111100000000000000000000011111111111111100000000000000000
00000000000111111111110000000011111110000000000000000000000001111111111111110000000000000000000011111111111111110000000000000000
00000000000111111111110000000111111110000000000000000000000001111111111111110000000000000000000011111111111111110000000000000000
00000000000111111111110000000011111110000000000000000000000001111111111111110000000000000000000011111111111111110000000000000000
00000000000111111111110000000111111110000000000000000000000001111111111111111000000000000000000011111111111111110000000000000000
00000000000111111111110000000111111110000000000000000000000001111111111111111000000000000000000011111111111111110000000000000000
00000000001111111111111000000111111110000000000000000000000001111111111111111000000000000000000011111111111111110000000000000000
00000000000111111111111000001111111110000000000000000000000000111111111111111000000000000000000011111111111111111000000000000000
00000000000111111111111101111111111110000000000000000000000000111111111111111000000000000000000011111111111111111000000000000000
00000000000111111111111111111111111110000000000000000000000000111111111111111000000000000000000011111111111111111000000000000000
00000000000111111111111111111111111110000000000000000000000000111111111111111000000000000000000011111111111111110000000000000000
00000000000011111111111111111111111110000000000000000000000000111111111111111000000000000000000011111111111111110000000000000000
00000000000011111111111111111111111100000000000000000000000000111111111111111000000000000000000011111111111111110000000000000000
00000000000111111111111111111111111100000000000000000000000000111111111111111000000000000000000011111111111111110000000000000000
00000000000011111111111111111111111100000000000000000000000000111111111111111000000000000000000011111111111111110000000000000000
00000000000011111111111111111111111100000000000000000000000000111111111111111000000000000000000011111111111111110000000000000000
00000000000011111111111111111111111100000000000000000000000000111111111111111000000000000000000111111111111111111000000000000000
00000000000001111111111111111111111100000000000000000000000000111111111111111000000000000000000111111111111111110000000000000000
00000000000001111111111111111111111000000000000000000000000000111111111111111000000000000000000111111111111111110000000000000000
00000000000000111111111111111111111000000000000000000000000000111111111111111000000000000000000111111111111111110000000000000000
00000000000000111111111111111111111000000000000000000000000000111111111111111000000000000000001111111111111111110000000000000000
00000000000000011111111111111111110000000000000000000000000000111111111111111000000000000000001111111111111111110000000000000000
00000000000000001111111111111111100000000000000000000000000000111111111111110000000000000000000111111111111111110000000000000000
00000000000000000111111111111111000000000000000000000000000000111111111111110000000000000000001111111111111111110000000000000000
00000000000000000001111111111110000000000000000000000000000000111111111111110000000000000000001111111111111111100000000000000000
00000000000000000000111111111110000000000000000000000000000000111111111111110000000000000000000111111111111111100000000000000000
00000000000000000000000111111110000000000000000000000000000000011111111110000000000000000000000111111111111111000000000000000000
00000000000000000000000000010000000000000000000000000000000000001111111100000000000000000000000111111111111110000000000000000000
00000000000000000000000000000000000000000000000000000000000000000000000000000000000000000000000111111111111110000000000000000000
00000000000000000000000000000000000000000000000000000000000000000000000000000000000000000000000111111111111100000000000000000000
00000000000000000000000000000000000000000000000000000000000000000000000000000000000000000000000000100000000000000000000000000000
00000000000000000000000000000000000000000000000000000000000000000000000000000000000000000000000000000000000000000000000000000000
00000000000000000000000000000000000000000000000000000000000000000000000000000000000000000000000000000000000000000000000000000000
00000000000000000000000000000000000000000000000000000000000000000000000000000000000000000000000000000000000000000000000000000000
00000000000000000000000000000000000000000000000000000000000000000000000000000000000000000000000000000000000000000000000000000000
00000000000000000000000000000000000000000000000000000000000000000000000000000000000000000000000000000000000000000000000000000000
00000000000000000000000000000000000000000000000000000000000000000000000000000000000000000000000000000000000000000000000000000000
00000000000000000000000000000000000000000000000000000000000000000000000000000000000000000000000000000000000000000000000000000000
00000000000000000000000000000000000000000000000000000000000000000000000000000000000000000000000000000000000000000000000000000000
00000000000000000000000000000000000000000000000000000000000000000000000000000000000000000000000000000000000000000000000000000000
00000000000000000000000000000000000000000000000000000000000000000000000000000000000000000000000000000000000000000000000000000000
00000000000000000000000000000000000000000000000000000000000000000000000000000000000000000000000000000000000000000000000000000000
00000000000000000000000000000000000000000000000000000000000000000000000000000000000000000000000000000000000000000000000000000000
00000000000000000000000000000000000000000000000000000000000000000000000000000000000000000000000000000000000000000000000000000000
00000000000000000000000000000000000000000000000000000000000000000000000000000000000000000000000000000000000000000000000000000000
00000000000000000000000000000000000000000000000000000000000000000000000000000000000000000000000000000000000000000000000000000000
00000000000000000000000000000000000000000000000000000000000000000000000000000000000000000000000000000000000000000000000000000000
00000000000000000000000000000000000000000000000000000000000000000000000000000000000000000000000000000000000000000000000000000000
