00000000000000000000000000000000000000000000000000000000000000000000000000000000000000000000000000000000000000000000000000000000
00000000000000000000000000000000000000000000000000000000000000000000000000000000000000000000000000000000000000000000000000000000
00000000000000000000000000000000000000000000000000000000000000000000000011111100000000000000000000000000000000000000000000000000
00000000000000000000000000000000000000000000000000000000000000000000000011111111100000000000000000000000000000000000000000000000
00000000000000000000000000000000000000000000000000000000000000000000000111111111100000000000000000000000000000000000000000000000
00000000000000000000000000000000000000000000000000000000000000000000000111111111100000000000000000000000000000000000000000000000
00000000000000000000000000000000000000000000000000000000000000000000001111111111100000000000000000000000000000000000000000000000
00000000000000000000000000000000000000000000000000000000000000000000011111111111100000000000000000000000000000000000000000000000
00000000000000000000000000000000000000000000000000000000000000000000011111111111100000000000000000000000000000000000000000000000
00000000000000000000000000000000000000000000000000000000000000000000111111111111100000000000000000000000000000000000000000000000
00000000000000000000000000000000000000000000000000000000000000000001111111111111100000000000000000000000000000000000000000000000
00000000000000000000000000000000000000000000000000000000000000000111111111111111100000000000000000000000000000000000000000000000
00000000000000000000000000000000000000000000000000000000000000001111111111111111000000000000000000000000000000000000000000000000
00000000000000000000000000000000000000000000000000000000000000011111111111111111000000000000000000000000000000000000000000000000
00000000000000000000000000000000000000000000000000000000000001111111111111111110000000000000000000000000000000000000000000000000
00000000000000000000000000000000000000000000000000000000000001111111111111111110000000000000000000000000000000000000000000000000
00000000000000000000000000000000000000000000000000000000000011111111111111111100000000000000000000000000000000000000000000000000
00000000000000000000000000000000000000000000000000000000001111111111111111111000000000000000000000000000000000000000000000000000
00000000000000000000000000000000000000000000000000000000011111111111111111111000000000000000000000000000000000000000000000000000
00000000000000000000000000000000000000000000000000000001111111111111111111110000000000000000000000000000000000000000000000000000
00000000000000000000000000000000000000000000000000000001111111111111111111110000000000000000000000000000000000000000000000000000
00000000000000000000000000000000000000000000000000000111111111111111111111100000000000000000000000000000000000000000000000000000
00000000000000000000000000000000000000000000000000001111111111111111111111100000000000000000000000000000000000000000000000000000
00000000000000000000000000000000000000000000000000111111111111111111111111100000000000000000000000000000000000000000000000000000
00000000000000000000000000000000000000000000000001111111111111111111111100000000000000000000000000000000000000000000000000000000
00000000000000000000000000000000000000000000000011111111111111111111111100000000000000000000000000000000000000000000000000000000
00000000000000000000000000000000000000000000000011111111111111111111111000000000000000000000000000000000000000000000000000000000
00000000000000000000000000000000000000000000001111111111111111111111110000000000000000000000000000000000000000000000000000000000
00000000000000000000000000000000000000000000001111111111111111111111100000000000000000000000000000000000000000000000000000000000
00000000000000000000000000000000000000000000011111111111111111111111100000000000000000000000000000000000000000000000000000000000
00000000000000000000000000000000000000000001111111111011111111111110000000000000000000000000000000000000000000000000000000000000
00000000000000000000000000000000000000000001111111111111111111111110000000000000000000000000000000000000000000000000000000000000
00000000000000000000000000000000000000000111111111111111111111111100000000000000000000000000000000000000000000000000000000000000
00000000000000000000000000000000000000001111111111111111111111111000000000000000000000000000000000000000000000000000000000000000
00000000000000000000000000000000000000001111111111111111111111110000000000000000000000000000000000000000000000000000000000000000
00000000000000000000000000000000000000111111111111111111111111110000000000000000000000000000000000000000000000000000000000000000
00000000000000000000000000000000000011111111111111111111111111100000000000000000000000000000000000000000000000000000000000000000
00000000000000000000000000000000000011111111111111111111111111000000000000000000000000000000000000000000000000000000000000000000
00000000000000000000000000000000000111111111111111111111111111000000000000000000000000000000000000000000000000000000000000000000
00000000000000000000000000000000001111111111111111111111111111000000000000000000000000000000000000000000000000000000000000000000
00000000000000000000000000000000011111111111111111111111111000000000000000000000000000000000000000000000000000000000000000000000
00000000000000000000000000000000111111111111111111111111100000000000000000000000000000000000000000000000000000000000000000000000
00000000000000000000000000000001111111111111111111111111100000000000000000000000000000000000000000000000000000000000000000000000
00000000000000000000000000000001111111111111111111111111000000000000000000000000000000000000000000000000000000000000000000000000
00000000000000000000000000000111111111111111111111111111000000000000000000000000000000000000000000000000000000000000000000000000
00000000000000000000000000001111111111111111111111111111000000000000000000000000000000000000000000000000000000000000000000000000
00000000000000000000000000011111111111111111111111111110000000000000000000000000000000000000000000000000000000000000000000000000
00000000000000000000000000011111111111111111111111110000000000000000000000000000000000000000000000000000000000000000000000000000
00000000000000000000000000111111111111111111111111110000000000000000000000000000000000000000000000000000000000000000000000000000
00000000000000000000000000111111111111111111111111100000000000000000000000000000000000000000000000000000000000000000000000000000
00000000000000000000000001111111111111111111111100000000000000000000000000000000000000000000000000000000000000000000000000000000
00000000000000000000000001111111111111111111111000000000000000000000000000000000000000000000000000000000000000000000000000000000
00000000000000000000000011111111111111111111110000000000000000000000000000000000000000000000000000000000000000000000000000000000
00000000000000000000000111111111111111111111100000000000000000000000000000000000000000000000000000000000000000000000000000000000
00000000000000000000000111111111111111111111000000000000000000000000000000000000000000000000000000000000000000000000000000000000
00000000000000000000001111111111111111111100000000000000000000000000000000000000000000000000000000000000000000000000000000000000
00000000000000000000001111111111111111111000000000000000000000000000000000000000000000000000000000000000000000000000000000000000
00000000000000000000111111111111111111100000000000000000000000000000000000000000000000000000000000000000000000000000000000000000
00000000000000000001111111111111111111000000000000000000000000000000000000000000000000000000000000000000000000000000000000000000
00000000000000000001111111111111111110000000000000000000000000000000000000000000000000000000000000000000000000000000000000000000
00000000000000000011111111111111111100000000000000000000000000000000000000000000000000000000000000000000000000000000000000000000
00000000000000000011111111111111111100000000000000000000000000000000000000000000000000100000000000000000000000000000000000000000
00000000000000000011111111111111111000000000000000000000000000000000000000000000000111111111110000000000000000000000000000000000
00000000000000000111111111111111110000000000000000000000000000000000000000000000011111111111111000000000000000000000000000000000
00000000000000001111111111111111000000000000000000000000000000000000000000000000011111111111111000000000000000000000000000000000
00000000000000001111111111111111000000000000000000000000000000000000000000000000111111111111111000000000000000000000000000000000
00000000000000011111111111111111000000000000000000000000000000000000000000000001111111111111111000000000000000000000000000000000
00000000000000011111111111111111000000000000000000000000000000000000000000000111111111111111111000000000000000000000000000000000
00000000000000011111111111111111000000000000000000000000000000000000000000000111111111111111111000000000000000000000000000000000
00000000000000011111111111111111000000000000000000000000000000000000000000001111111111111111110000000000000000000000000000000000
00000000000000011111111111111111000000000000000000000000000000000000000000011111111111111111110000000000000000000000000000000000
00000000000000011111111111111111000000000000000000000000000000000000000000011111111111111111110000000000000000000000000000000000
00000000000000011111111111111111000000000000000000000000000000000000000000111111111111111111110000000000000000000000000000000000
00000000000000011111111111111111000000000000000000000000000000000000000000111111111111111000000000000000000000000000000000000000
00000000000000011111111111111111000000000000000000000000000000000000000000111111111111110000000000000000000000000000000000000000
00000000000000011111111111111111000000000000000000000000000000000000000001111111111111110000000000000000000000000000000000000000
00000000000000011111111111111111000000000000000000000000000000000000000001111111111111110000000000000000000000000000000000000000
00000000000000011111111111111111100000000000000000000000000000000000000001111111111111100000000000000000000000000000000000000000
00000000000000011111111111111111000000000000000000000000000000000000000001111111111111100000000000000000000000000000000000000000
00000000000000011111111111111111000000000000000000000000000000000000000011111111111111100000000000000000000000000000000000000000
00000000000000011111111111111111000000000000000000000000000000000000000011111111111111100000000000000000000000000000000000000000
00000000000000011111111111111111000000000000000000000000000000000000000011111111111111100000000000000000000000000000000000000000
00000000000000011111111111111111000000000000000000000000000000000000000011111111111111100000000000000000000000000000000000000000
00000000000000011111111111111111000000000000000000000000000000000000000011111111111111100000000000000000000000000000000000000000
00000000000000011111111111111111000000000000000000000000000000000000000011111111111111100000000000000000000000000000000000000000
00000000000000011111111111111111000000000000000000000000000000000000000011111111111111100000000000000000000000000000000000000000
00000000000000001111111111111111000000000000000000000000000000000000000111111111111111100000000000000000000000000000000000000000
00000000000000001111111111111111000000000000000000000000000000000000000111111111111111100000000000000000000000000000000000000000
00000000000000001111111111111111000000000000000000000000000000000000000111111111111111100000000000000000000000000000000000000000
00000000000000001111111111111111000000000000000000000000000000000000000011111111111111000000000000000000000000000000000000000000
00000000000000001111111111111111000000000000000000000000000000000000000011111111111111000000000000000000000000000000000000000000
00000000000000001111111111111111000000000000000000000000000000000000000011111111111111000000000000000000000000000000000000000000
00000000000000001111111111111111000000000000000000000000000000000000000111111111111111000000000000000000000000000000000000000000
00000000000000001111111111111111000000000000000000000000000000000000000111111111111111000000000000000000000000000000000000000000
00000000000000001111111111111111000000000000000000000000000000000000000111111111111111000000000000000000000000000000000000000000
00000000000000001111111111111111000000000000000000000000000000000000000111111111111111000000000000000000000000000000000000000000
00000000000000001111111111111111000000000000000000000000000000000000000111111111111111000000000000000000000000000000000000000000
00000000000000001111111111111111000000000000000000000000000000000000000111111111111111000000000000000000000000000000000000000000
00000000000000001111111111111111000000000000000000000000000000000000000111111111111111000000000000000000000000000000000000000000
00000000000000001111111111111111000000000000000000000000000000000000001111111111111111000000000000000000000000000000000000000000
00000000000000001111111111111111100000000000000000000000000000001111111111111111111111000000000000000000000000000000000000000000
00000000000000001111111111111111111111111111111100100000000011111111111111111111111111000000000000000000000000000000000000000000
00000000000000001111111111111111111111111111111111111111111111111111111111111111111111000000000000000000000000000000000000000000
00000000000000001111111111111111111111111111111111111111111111111111111111111111111111000000000000000000000000000000000000000000
00000000000000001111111111111111111111111111111111111111111111111111111111111111111110000000000000000000000000000000000000000000
00000000000000001111111111111111111111111111111111111111111111111111111111111111111110000000000000000000000000000000000000000000
00000000000000001111111111111111111111111111111111111111111111111111111111111111111110000000000000000000000000000000000000000000
00000000000000001111111111111111111111111111111111111111111111111111111111111111111110000000000000000000000000000000000000000000
00000000000000001111111111111111111111111111111111111111111111111111111111111111111111000000000000000000000000000000000000000000
00000000000000001111111111111111111111111111111111111111111111111111111111111111111110000000000000000000000000000000000000000000
00000000000000001111111111111111111111111111111111111111111111111111111111111111111110000000000000000000000000000000000000000000
00000000000000001111111111111111111111111111111111111111111111111111111111111111111110000000000000000000000000000000000000000000
00000000000000001111111111111111111111111111111111111111111111111111111111111111111100000000000000000000000000000000000000000000
00000000000000001111111111111111111111111111111111111111111111111111111111111111111100000000000000000000000000000000000000000000
00000000000000001111111111111111111111111111111111111111111111111111111111111111111100000000000000000000000000000000000000000000
00000000000000001111111111111111111111111111111111111111111111111111111111111111111000000000000000000000000000000000000000000000
00000000000000001111111111111111111111111111111111111111111111110000000000000000000000000000000000000000000000000000000000000000
00000000000000001111111111111111111111111111111111110000100000000000000000000000000000000000000000000000000000000000000000000000
00000000000000000000000000000000000000000000000000000000000000000000000000000000000000000000000000000000000000000000000000000000
00000000000000000000000000000000000000000000000000000000000000000000000000000000000000000000000000000000000000000000000000000000
00000000000000000000000000000000000000000000000000000000000000000000000000000000000000000000000000000000000000000000000000000000
00000000000000000000000000000000000000000000000000000000000000000000000000000000000000000000000000000000000000000000000000000000
00000000000000000000000000000000000000000000000000000000000000000000000000000000000000000000000000000000000000000000000000000000
00000000000000000000000000000000000000000000000000000000000000000000000000000000000000000000000000000000000000000000000000000000
00000000000000000000000000000000000000000000000000000000000000000000000000000000000000000000000000000000000000000000000000000000
00000000000000000000000000000000000000000000000000000000000000000000000000000000000000000000000000000000000000000000000000000000
00000000000000000000000000000000000000000000000000000000000000000000000000000000000000000000000000000000000000000000000000000000
00000000000000000000000000000000000000000000000000000000000000000000000000000000000000000000000000000000000000000000000000000000
