00000000000000000000000000000000000000000000000000000000000000000000000000000000000000000000000000000000000000000000000000000000
00000000000000000000000000000000000000000000000000000000000000000000000000000000000000000000000000000000000000000000000000000000
00000000000000000000000000000000000000000000000000000000000000000000000000000000001111110000000000000000000000000000000000000000
00000000000000000000000000000000000000000000000000000000000000000000000000000001111111110000000000000000000000000000000000000000
00000000000000000000000000000000000000000000000000000000000000000000000000000011111111110000000000000000000000000000000000000000
00000000000000000000000000000000000000000000000000000000000000000000000000001111111111110000000000000000000000000000000000000000
00000000000000000000000000000000000000000000000000000000000000000000000000011111111111110000000000000000000000000000000000000000
00000000000000000000000000000000000000000000000000000000000000000000000000111111111111110000000000000000000000000000000000000000
00000000000000000000000000000000000000000000000000000000000000000000000011111111111111100000000000000000000000000000000000000000
00000000000000000000000000000000000000000000000000000000000000000000000111111111111111100000000000000000000000000000000000000000
00000000000000000000000000000000000000000000000000000000000000000000000111111111111111100000000000000000000000000000000000000000
00000000000000000000000000000000000000000000000000000000000000000000000111111111111111100000000000000000000000000000000000000000
00000000000000000000000000000000000000000000000000000000000000000000011111111111111111100000000000000000000000000000000000000000
00000000000000000000000000000000000000000000000000000000000000000000111111111111111111100000000000000000000000000000000000000000
00000000000000000000000000000000000000000000000000000000000000000111111111111111111111100000000000000000000000000000000000000000
00000000000000000000000000000000000000000000000000000000000000111111111111111111111111000000000000000000000000000000000000000000
00000000000000000000000000000000000000000000000000000000000011111111111111111111111110000000000000000000000000000000000000000000
00000000000000000000000000000000000000000000000000000000001111111111111111111111111100000000000000000000000000000000000000000000
00000000000000000000000000000000000000000000000000000000011111111111111111111111111000000000000000000000000000000000000000000000
00000000000000000000000000000000000000000000000000000000111111111111111111111111110000000000000000000000000000000000000000000000
00000000000000000000000000000000000000000000000000000111111111111111111111111111100000000000000000000000000000000000000000000000
00000000000000000000000000000000000000000000000000001111111111111111111111111100000000000000000000000000000000000000000000000000
00000000000000000000000000000000000000000000000000001111111111111111111111110000000000000000000000000000000000000000000000000000
00000000000000000000000000000000000000000000000001111111111111111111111111000000000000000000000000000000000000000000000000000000
00000000000000000000000000000000000000000000000111111111111111111111111100000000000000000000000000000000000000000000000000000000
00000000000000000000000000000000000000000000011111111111111111111111111000000000000000000000000000000000000000000000000000000000
00000000000000000000000000000000000000000011111111111111111111111111110000000000000000000000000000000000000000000000000000000000
00000000000000000000000000000000000000000111111111111111111111111111000000000000000000000000000000000000000000000000000000000000
00000000000000000000000000000000000000001111111111111111111111111111000000000000000000000000000000000000000000000000000000000000
00000000000000000000000000000000000000111111111111111111111111111100000000000000000000000000000000000000000000000000000000000000
00000000000000000000000000000000000001111111111111111111111111111000000000000000000000000000000000000000000000000000000000000000
00000000000000000000000000000000001111111111111111111111111111100000000000000000000000000000000000000000000000000000000000000000
00000000000000000000000000000000111111111111111111111111111110000000000000000000000000000000000000000000000000000000000000000000
00000000000000000000000000000000111111111111111111111111111100000000000000000000000000000000000000000000000000000000000000000000
00000000000000000000000000000000111111111111111111111111110000000000000000000000000000000000000000000000000000000000000000000000
00000000000000000000000000000001111111111111111111111111100000000000000000000000000000000000000000000000000000000000000000000000
00000000000000000000000000000011111111111111111111111110000000000000000000000000000000000000000000000000000000000000000000000000
00000000000000000000000000000111111111111111111111111100000000000000000000000000000000000000000000000000000000000000000000000000
00000000000000000000000000001111111111111111111111110000000000000000000000000000000000000000000000000000000000000000000000000000
00000000000000000000000000011111111111111111111111100000000000000000000000000000000000000000000000000000000000000000000000000000
00000000000000000000000000111111111111111111111111100000000000000000000000000000000000000000000000000000000000000000000000000000
00000000000000000000000001111111111111111111111100000000000000000000000000000000000000000000000000000000000000000000000000000000
00000000000000000000000001111111111111111111110000000000000000000000000000000000000000000000000000000000000000000000000000000000
00000000000000000000000011111111111111111111110000000000000000000000000000000000000000000000000000000000000000000000000000000000
00000000000000000000000011111111111111111111100000000000000000000000000000000000000000000000000000000000000000000000000000000000
00000000000000000000000011111111111111111111100000000000000000000000000000000000000000000000000000000000000000000000000000000000
00000000000000000000000011111111111111111110000000000000000000000000000000000000000000000000000000000000000000000000000000000000
00000000000000000000000011111111111111111100000000000000000000000000000000000000000000000000000000000000000000000000000000000000
00000000000000000000000011111111111111111000000000000000000000000000000000000000000000000000000000000000000000000000000000000000
00000000000000000000000011111111111111111000000000000000000000000000000000000000000000000000000000000000000000000000000000000000
00000000000000000000000111111111111111111000000000000000000000000000000000000000000000000000000000000000000000000000000000000000
00000000000000000000000111111111111111110000000000000000000000000000000000000000000000000000000000000000000000000000000000000000
00000000000000000000000111111111111111110000000000000000000000000000000000000000000000000000000000000000000000000000000000000000
00000000000000000000000111111111111111110000000000000000000000000000000000000000000000000000000000000000000000000000000000000000
00000000000000000000000111111111111111110000000000000000000000000000000000000000000000000000000000000000000000000000000000000000
00000000000000000000000111111111111111100000000000000000000000000000000000000000000000000000000000000000000000000000000000000000
00000000000000000000000111111111111111100000000000000000000000000000000000000000000000000000000000000000000000000000000000000000
00000000000000000000000111111111111111100000000000000000000000000000000000000000000000000000000000000000000000000000000000000000
00000000000000000000000111111111111111100000000000000000000000000000000000000000000000000000000000000000000000000000000000000000
00000000000000000000000111111111111111100000000000000000000000000000000000000000000000000000000000000000000000000000000000000000
00000000000000000000000111111111111111100000000000000000000000000000000000000000000000000000000000000000000000000000000000000000
00000000000000000000000111111111111111100000000000000000000000000000000000000000000000000000000000000000000000000000000000000000
00000000000000000000000111111111111111100000000000000000000000000000000000000000000000000000000000000000000000000000000000000000
00000000000000000000000111111111111111000000000000000000000000000000000000000000000000000000000000000000000000000000000000000000
00000000000000000000000111111111111111000000000000000000000000000000000000000000000000000000000000000000000000000000000000000000
00000000000000000000000111111111111111000000000000000000000000000000000000000000000000000000000000000000000000000000000000000000
00000000000000000000000111111111111111000000000000000000000000000000000000000000000000000000000000000000000000000000000000000000
00000000000000000000000111111111111111000000000000000000000000000000000000000000000000000000000000000000000000000000000000000000
00000000000000000000000111111111111111000000000000000000000000000000000000000000000000000000000000000000000000000000000000000000
00000000000000000000000111111111111111000000000000000000000000000000000000000000000000000000000000000000000000000000000000000000
00000000000000000000000111111111111111000000000000000000000000000000000000000000000000000000000000000000000000000000000000000000
00000000000000000000000111111111111111000000000000000000000000000000000000000000000000000000000000000000000000000000000000000000
00000000000000000000000111111111111111000000000000000000000000000000000000000000000000000000000000000000000000000000000000000000
00000000000000000000000111111111111111100000000000000000000000000000000000000000000000000000000011111111111000000000000000000000
00000000000000000000000111111111111111100000000000000000000000000000000000000000000000000000000111111111111000000000000000000000
00000000000000000000000111111111111111100000000000000000000000000000000000000000000000000000001111111111111000000000000000000000
00000000000000000000000111111111111111100000000000000000000000000000000000000000000000000000001111111111111000000000000000000000
00000000000000000000000111111111111111100000000000000000000000000000000000000000000000000000011111111111111000000000000000000000
00000000000000000000000111111111111111100000000000000000000000000000000000000000000000000000111111111111111000000000000000000000
00000000000000000000000111111111111111100000000000000000000000000000000000000000000000000001111111111111110000000000000000000000
00000000000000000000000111111111111111110000000000000000000000000000000000000000000000000001111111111111110000000000000000000000
00000000000000000000000111111111111111110000000000000000000000000000000000000000000000000001111111111111110000000000000000000000
00000000000000000000000111111111111111110000000000000000000000000000000000000000000000000011111111111111110000000000000000000000
00000000000000000000000111111111111111110000000000000000000000000000000000000000000000000011111111111111000000000000000000000000
00000000000000000000000111111111111111110000000000000000000000000000000000000000000000000111111111111100000000000000000000000000
00000000000000000000000111111111111111110000000000000000000000000000000000000000000000001111111111111100000000000000000000000000
00000000000000000000000111111111111111110000000000000000000000000000000000000000000000001111111111111000000000000000000000000000
00000000000000000000000111111111111111111000000000000000000000000000000000000000000000011111111111110000000000000000000000000000
00000000000000000000000111111111111111111100000000000000000000000000000000000000000000011111111111110000000000000000000000000000
00000000000000000000000111111111111111111100000000000000000000000000000000000000000000111111111111100000000000000000000000000000
00000000000000000000000111111111111111111100000000000000000000000000000000000000000000111111111111100000000000000000000000000000
00000000000000000000000111111111111111111100000000000000000000000000000000000000000000111111111111100000000000000000000000000000
00000000000000000000000111111111111111111110000000000000000000000000000000000000000000111111111111100000000000000000000000000000
00000000000000000000000111111111111111111110000000000000000000000000000000000000000001111111111111100000000000000000000000000000
00000000000000000000000111111111111111111110000000000000000000000000000000000000000011111111111111000000000000000000000000000000
00000000000000000000000111111111111111111110000000000000000000000000000000000000000011111111111111000000000000000000000000000000
00000000000000000000000011111111111111111111000000000000000000000000000000000000000111111111111111000000000000000000000000000000
00000000000000000000000011111111111111111111000000000000000000000000000000000000000111111111111111000000000000000000000000000000
00000000000000000000000011111111111111111111000000000000000000000000000000000000000111111111111111000000000000000000000000000000
00000000000000000000000011111111111111111111111111111111111111111000000000000000001111111111111111000000000000000000000000000000
00000000000000000000000011111111111111111111111111111111111111111111111110000000001111111111111111000000000000000000000000000000
00000000000000000000000011111111111111111111111111111111111111111111111111111111111111111111111111000000000000000000000000000000
00000000000000000000000011111111111111111111111111111111111111111111111111111111111111111111111111000000000000000000000000000000
00000000000000000000000011111111111111111111111111111111111111111111111111111111111111111111111111000000000000000000000000000000
00000000000000000000000011111111111111111111111111111111111111111111111111111111111111111111111111000000000000000000000000000000
00000000000000000000000011111111111111111111111111111111111111111111111111111111111111111111111111000000000000000000000000000000
00000000000000000000000011111111111111111111111111111111111111111111111111111111111111111111111111000000000000000000000000000000
00000000000000000000000011111111111111111111111111111111111111111111111111111111111111111111111111000000000000000000000000000000
00000000000000000000000011111111111111111111111111111111111111111111111111111111111111111111111111000000000000000000000000000000
00000000000000000000000011111111111111111111111111111111111111111111111111111111111111111111111111000000000000000000000000000000
00000000000000000000000011111111111111111111111111111111111111111111111111111111111111111111111111000000000000000000000000000000
00000000000000000000000011111111111111111111111111111111111111111111111111111111111111111111111111000000000000000000000000000000
00000000000000000000000011111111111111111111111111111111111111111111111111111111111111111111111111000000000000000000000000000000
00000000000000000000000011111111111111111111111111111111111111111111111111111111111111111111111111000000000000000000000000000000
00000000000000000000000001111111111111111111111111111111111111111111111111111111111111111111111111000000000000000000000000000000
00000000000000000000000001111111111111111111111111111111111111111111111111111111111111111111111111000000000000000000000000000000
00000000000000000000000001111111111111111111111111111111111111111111111111111111111111111111111111000000000000000000000000000000
00000000000000000000000000000000000010000000000000000001000000000011111111111111111111111111100000000000000000000000000000000000
00000000000000000000000000000000000000000000000000000000000000000000000100000010000000000000000000000000000000000000000000000000
00000000000000000000000000000000000000000000000000000000000000000000000000000000000000000000000000000000000000000000000000000000
00000000000000000000000000000000000000000000000000000000000000000000000000000000000000000000000000000000000000000000000000000000
00000000000000000000000000000000000000000000000000000000000000000000000000000000000000000000000000000000000000000000000000000000
00000000000000000000000000000000000000000000000000000000000000000000000000000000000000000000000000000000000000000000000000000000
00000000000000000000000000000000000000000000000000000000000000000000000000000000000000000000000000000000000000000000000000000000
00000000000000000000000000000000000000000000000000000000000000000000000000000000000000000000000000000000000000000000000000000000
00000000000000000000000000000000000000000000000000000000000000000000000000000000000000000000000000000000000000000000000000000000
00000000000000000000000000000000000000000000000000000000000000000000000000000000000000000000000000000000000000000000000000000000
00000000000000000000000000000000000000000000000000000000000000000000000000000000000000000000000000000000000000000000000000000000
