00000000000000000000000000000000000000000000000000000000000000000000000000000000000000000000000000000000000000000000000000000000
00000000000000000000000000000000000000000000000000000000000000000000000000000000000000000000000000000000000000000000000000000000
00000000000000000000000000000000000000000000000000000000000000000000000000000000000000000000000000000000000000000000000000000000
00000000000000000000000000000000000000000000000000000000000000000000000000000000000000000000000000000000000000000000000000000000
00000000000000000000000000000000000000000000000000000000000000000000000000000000000000000000000000000000000000000000000000000000
00000000000000000000000000000000000000000000000000000000000000000000000000000000000000000000000000000000000000000000000000000000
00000000000000000000000000000000000000000000000000000000000000000000000000000000000000000000000000000000000000000000000000000000
00000000000000000111111100000000000000000000000000000000000000000000000000000000000000000000000000000000000000000000000000000000
00000000000000000111111111110001000000000000000000000000000000000000000000000000000000000000000000000000000000000000000000000000
00000000000011111111111111111111111110000000000000000000000000000000000000000000000000000000000000000000000000000000000000000000
00000000000011111111111111111111111111100000000000000000000000000000000000000000000000000000000000000000000000000000000000000000
00000000000011111111111111111111111111110000000000000000000000000000000000000000000000000000000000000000000000000000000000000000
00000000000111111111111111111111111111111000000000000000000000000000000000000000000000000000000000000000000000000000000000000000
00000000000111111111111111111111111111111100000000000000000000000000000000000000000000000000000000000000000000000000000000000000
00000000001111111111111111111111111111111111000000000000000000000000000000000000000000000000000000000000000000000000000000000000
00000000001111111111111111111111111111111111000000000000000000000000000000000000000000000000000000000000000000000000000000000000
00000000011111111111111111111111111111111111110000000000000000000000000000000000000000000000000000000000000000000000000000000000
00000000011111111111111111111111111111111111110000000000000000000000000000000000000000000000000000000000000000000000000000000000
00000000011111111111111111111111111111111111111100000000000000000000000000000000000000000000000000000000000000000000000000000000
00000000011111111111111111111111111111111111111110000000000000000000000000000000000000000000000000000000000000000000000000000000
00000000011111111111111111111111111111111111111111000000000000000000000000000000000000000000000000000000000000000000000000000000
00000000011111111111111111111111111111111111111111110000000000000000000000000000000000000000000000000000000000000000000000000000
00000000011111111111111111111111111111111111111111110000000000000000000000000000000000000000000000000000000000000000000000000000
00000000011111111111111111111111111111111111111111110000000000000001010000100000000000000000000000000000000000000000000000000000
00000000011111111111111111111111111111111111111111110000000000001111111111111111110000000000000000000000000000000000000000000000
00000000011111111111111111111111111111111111111111111000000111111111111111111111111110000000000000000000000000000000000000000000
00000000001111111111111111111111111111111111111111111000111111111111111111111111111111100000000000000000000000000000000000000000
00000000001111111111111111111111111111111111111111111111111111111111111111111111111111111100000000000000000000000000000000000000
00000000000000011111111101111111111111111111111111111111111111111111111111111111111111111111000000000000000000000000000000000000
00000000000000000010000000001111111111111111111111111111111111111111111111111111111111111111110000000000000000000000000000000000
00000000000000000000000000000011111111111111111111111111111111111111111111111111111111111111111111000000000000000000000000000000
00000000000000000000000000000001111111111111111111111111111111111111111111111111111111111111111111111000000000000000000000000000
00000000000000000000000000000000111111111111111111111111111111111111111111111111111111111111111111111110000000000000000000000000
00000000000000000000000000000000111111111111111111111111111111111111111111111111111111111111111111111111100000000000000000000000
00000000000000000000000000000000011111111111111111111111111111111111111111111111111111111111111111111111110000000000000000000000
00000000000000000000000000000000001111111111111111111111111111111111111111111111111111111111111111111111111100000000000000000000
00000000000000000000000000000000001111111111111111111111111111111111111111111111111111111111111111111111111110000000000000000000
00000000000000000000000000000000001111111111111111111111111111111111111111111111111111111111111111111111111111000000000000000000
00000000000000000000000000000000001111111111111111111111111111111111111111111111111111111111111111111111111111100000000000000000
00000000000000000000000000000000000111111111111111111111111111111111111111111111111111111111111111111111111111100000000000000000
00000000000000000000000000000000000111111111111111111111111111111111111111111111111111111111111111111111111111110000000000000000
00000000000000000000000000000000000011111111111111111111111111111111111111111111111111111111111111111111111111110000000000000000
00000000000000000000000000000000000011111111111111111111111111111111111111111111111111111111111111111111111111111000000000000000
00000000000000000000000000000000000011111111111111111111111111111111111111111111111111111111111111111111111111111100000000000000
00000000000000000000000000000000000001111111111111111111111111111111111111111111111111111111111111111111111111111100000000000000
00000000000000000000000000000000000001111111111111111111111111111111111111111111111111111111111111111111111111111110000000000000
00000000000000000000000000000000000001111111111111111111111111111111111111111111111111111111111111111111111111111110000000000000
00000000000000000000000000000000000000111111111111111111111111111111111111111111111111111111111111111111111111111110000000000000
00000000000000000000000000000000000000111111111111111111111111110000000000111111111111111111111111111111111111111111000000000000
00000000000000000000000000000000000000111111111111111111111000000000000000000111111111111111111111111111111111111111100000000000
00000000000000000000000000000000000000001111111111111111100000000000000000000001111111111111111111111111111111111111100000000000
00000000000000000000000000000000000000001111111111111111000000000000000000000000111111111111111111111111111111111111100000000000
00000000000000000000000000000000000000000000011111111100000000000000000000000000001111111111111111111111111111111111110000000000
00000000000000000000000000000000000000000000000000000000000000000000000000000000000111111111111111111111111111111111110000000000
00000000000000000000000000000000000000000000000000000000000000000000000000000000000001111111111111111111111111111111110000000000
00000000000000000000000000000000000000000000000000000000000000000000000000000000000001111111111111111111111111111111110000000000
00000000000000000000000000000000000000000000000000000000000000000000000000000000000000001111111111111111111111111111111000000000
00000000000000000000000000000000000000000000000000000000000000000000000000000000000000000001111111111111111111111111111000000000
00000000000000000000000000000000000000000000000000000000000000000000000000000000000000000000111111111111111111111111111000000000
00000000000000000000000000000000000000000000000000000000000000000000000000000000000000000000011111111111111111111111111100000000
00000000000000000000000000000000000000000000000000000000000000000000000000000000000000000000001111111111111111111111111100000000
00000000000000000000000000000000000000000000000000000000000000000000000000000000000000000000001111111111111111111111111100000000
00000000000000000000000000000000000000000000000000000000000000000000000000000000000000000000001111111111111111111111111110000000
00000000000000000000000000000000000000000000000000000000000000000000000000000000000000000000000111111111111111111111111110000000
00000000000000000000000000000000000000000000000000000000000000000000000000000000000000000000000111111111111111111111111111000000
00000000000000000000000000000000000000000000000000000000000000000000000000000000000000000000000111111111111111111111111111000000
00000000000000000000000000000000000000000000000000000000000000000000000000000000000000000000000111111111111111111111111111000000
00000000000000000000000000000000000000000011111111111110000000000000000000000000000000000000000011111111111111111111111111000000
00000000000000000000000000000000000000000111111111111111000000000000000000000000000000000000000011111111111111111111111111000000
00000000000000000000000000000000000000011111111111111111110000000000000000000000000000000000000011111111111111111111111111100000
00000000000000000000000000000000000001111111111111111111111000000000000000000000000000000000000011111111111111111111111111000000
00000000000000000000000000000000000011111111111111111111111100000000000000000000000000000000000011111111111111111111111111000000
00000000000000000000000000000000000111111111111111111111111110000000000000000000000000000000000011111111111111111111111111000000
00000000000000000000000000000000001111111111111111111111111111000000000000000000000000000000000011111111111111111111111111000000
00000000000000000000000000000000011111111111111111111111111111000000000000000000000000000000000011111111111111111111111111000000
00000000000000000000000000000000111111111111111111111111111111000000000000000000000000000000000011111111111111111111111111000000
00000000000000000000000000000001111111111111111111111111111111000000000000000000000000000000000011111111111111111111111111000000
00000000000000000000000000000001111111111111111111111111111111000000000000000000000000000000000011111111111111111111111111100000
00000000000000000000000000000011111111111111111111111111111111000000000000000000000000000000000111111111111111111111111111100000
00000000000000000000000000001111111111111111111111111111111111000000000000000000000000000000000111111111111111111111111111000000
00000000000000000000000000011111111111111111111111111111111111000000000000000000000000000000000111111111111111111111111111000000
00000000000000000000000000011111111111111111111111111111111111000000000000000000000000000000000111111111111111111111111111000000
00000000000000000000000000011111111111111111111111111111111111000000000000000000000000000000001111111111111111111111111111000000
00000000000000000000000000111111111111111111111001111111111110000000000000000000000000000000001111111111111111111111111110000000
00000000000000000000000000111111111111111111111111111111111110000000000000000000000000000000001111111111111111111111111110000000
00000000000000000000000001111111111111111111111111111111111100000000000000000000000000000000011111111111111111111111111100000000
00000000000000000000000001111111111111111111111111111111111000000000000000000000000000000000011111111111111111111111111100000000
00000000000000000000000011111111111111111111111111111111110000000000000000000000000000000000011111111111111111111111111100000000
00000000000000000000000011111111111111111111111111111111100000000000000000000000000000000000111111111111111111111111111100000000
00000000000000000000000011111111111111111111111111111111000000000000000000000000000000000001111111111111111111111111111000000000
00000000000000000000000011111111111111111111111111111110000000000000000000000000000000000001111111111111111111111111111000000000
00000000000000000000000111111111111111111111111111111000000000000000000000000000000000000011111111111111111111111111111000000000
00000000000000000000000111111111111111111111111111100000000000000000000000000000000000000111111111111111111111111111100000000000
00000000000000000000000111111111111111111111111110000000000000000000000000000000000000001111111111111111111111111111100000000000
00000000000000000000000111111111111111111111111110000000000000000000000000000000000000111111111111111111111111111111100000000000
00000000000000000000000111111111111111111111111111100000000000000000000000000000000111111111111111111111111111111111000000000000
00000000000000000000000111111111111111111111111111111000000000000000000000000000111111111111111111111111111111111111000000000000
00000000000000000000000111111111111111111111111111111111100000000000000000000111111111111111111111111111111111111111000000000000
00000000000000000000000111111111111111111111111111111111111000000000000011111111111111111111111111111111111111111110000000000000
00000000000000000000000111111111111111111111111111111111111111111111111111111111111111111111111111111111111111111110000000000000
00000000000000000000000111111111111111111111111111111111111111111111111111111111111111111111111111111111111111111110000000000000
00000000000000000000000111111111111111111111111111111111111111111111111111111111111111111111111111111111111111111110000000000000
00000000000000000000001111111111111111111111111111111111111111111111111111111111111111111111111111111111111111111100000000000000
00000000000000000000000111111111111111111111111111111111111111111111111111111111111111111111111111111111111111111100000000000000
00000000000000000000001111111111111111111111111111111111111111111111111111111111111111111111111111111111111111111000000000000000
00000000000000000000000111111111111111111111111111111111111111111111111111111111111111111111111111111111111111111000000000000000
00000000000000000000000111111111111111111111111111111111111111111111111111111111111111111111111111111111111111110000000000000000
00000000000000000000000111111111111111111111111111111111111111111111111111111111111111111111111111111111111111110000000000000000
00000000000000000000000011111111111111111111111111111111111111111111111111111111111111111111111111111111111111000000000000000000
00000000000000000000000011111111111111111111111111111111111111111111111111111111111111111111111111111111111110000000000000000000
00000000000000000000000011111111111111111111111111111111111111111111111111111111111111111111111111111111111100000000000000000000
00000000000000000000000001111111111111111111111111111111111111111111111111111111111111111111111111111111111100000000000000000000
00000000000000000000000000111111111111111111111111111111111111111111111111111111111111111111111111111111110000000000000000000000
00000000000000000000000000001111111111111111111111111111111111111111111111111111111111111111111111111111000000000000000000000000
00000000000000000000000000000111111111111111111111111111111111111111111111111111111111111111111111111110000000000000000000000000
00000000000000000000000000000000111111111111111111111111111111111111111111111111111111111111111111111110000000000000000000000000
00000000000000000000000000000000011111111111111111111111111111111111111111111111111111111111111111111000000000000000000000000000
00000000000000000000000000000000001111111111111111111111111111111111111111111111111111111111111111110000000000000000000000000000
00000000000000000000000000000000001111111111111111111111111111111111111111111111111111111111111111000000000000000000000000000000
00000000000000000000000000000000000011111111111111111111111111111111111111111111111111111111111100000000000000000000000000000000
00000000000000000000000000000000000000111111111111111111111111111111111111111111111111111111111000000000000000000000000000000000
00000000000000000000000000000000000000001111111111111111111111111111111111111111111111111111110000000000000000000000000000000000
00000000000000000000000000000000000000000001111111111111111111111111111111111111111111111111100000000000000000000000000000000000
00000000000000000000000000000000000000000000001111111111111111111111111111111111111111111110000000000000000000000000000000000000
00000000000000000000000000000000000000000000000011111111111111111111111111111111111111110000000000000000000000000000000000000000
00000000000000000000000000000000000000000000000000011100011111111111111111111111111110000000000000000000000000000000000000000000
00000000000000000000000000000000000000000000000000000000000000100000000000000000000000000000000000000000000000000000000000000000
00000000000000000000000000000000000000000000000000000000000000000000000000000000000000000000000000000000000000000000000000000000
