00000000000000000000000000000000000000000000000000000000000000000000000000000000000000000000000000000000000000000000000000000000
00000000000000000000000000000000000000000000000000000000000000000000000000000000000000000000000000000000000000000000000000000000
00000011111111111000000000000000000000000000000000000000000000000000000000000000000000000000000000000000000000000000000000000000
00001111111111111111111000000000000000000000000000000000000000000000000000000000000000000000000000000000000000000000000000000000
00011111111111111111111100000000000000000000000000000000000000000000000000000000000000000000000000000000000000000000000000000000
00011111111111111111111100000000000000000000000000000000000000000000000000000000000000000000000000000000000000000000000000000000
00111111111111111111111110000000000000000000000000000000000000000000000000000000000000000000000000000000000000000000000000000000
00111111111111111111111111000000000000000000000000000000000000000000000000000000000000000000000000000000000000000000000000000000
00111111111111111111111111000000000000000000000000000000000000000000000000000000000000000000000000000000000000000000000000000000
01111111111111111111111111100000000000000000000000000000000000000000000000000000000000000000000000000000000000000000000000000000
00111111111111111111111111100000000000000000000000000000000000000000000000000000000000000000000000000000000000000000000000000000
00111111111111111111111111100000000000000000000000000000000000000000000000000000000000000000000000000000000000000000000000000000
00111111111111111111111111110000000000000000000000000000000000000000000000000000000000000000000000000000000000000000000000000000
01111111111111111111111111110000000000000000000000000000000000000000000000000000000000000000000000000000000000000000000000000000
00111111111111111111111111111000000000000000000000000000000000000000000000000000000000000000000000000000000000000000000000000000
00111111111111111111111111111100000000000000000000000000000000000000000000000000000000000000000000000000000000000000000000000000
00111111111111111111111111111110000000000000000000000000000000000000000000000000000000000000000000000000000000000000000000000000
00011111111111111111111111111111000000000000000000000000000000000000000000000000000000000000000000000000000000000000000000000000
00011111111111111111111111111111100000000000000000000000000000000000000000000000000000000000000000000000000000000000000000000000
00000000011111111111111111111111110000000000000011111111111111111100000000000000000000000000000000000000000000000000000000000000
00000000011111111111111111111111111100000000000111111111111111111111111110000000000000000000000000000000000000000000000000000000
00000000011111111111111111111111111100000000111111111111111111111111111111111000000000000000000000000000000000000000000000000000
00000000001111111111111111111111111111000001111111111111111111111111111111111111000000000000000000000000000000000000000000000000
00000000000111111111111111111111111111111111111111111111111111111111111111111111111000000000000000000000000000000000000000000000
00000000000011111111111111111111111111111111111111111111111111111111111111111111111111000000000000000000000000000000000000000000
00000000000011111111111111111111111111111111111111111111111111111111111111111111111111110000000000000000000000000000000000000000
00000000000001111111111111111111111111111111111111111111111111111111111111111111111111111110000000000000000000000000000000000000
00000000000000111111111111111111111111111111111111111111111111111111111111111111111111111111100000000000000000000000000000000000
00000000000000011111111111111111111111111111111111111111111111111111111111111111111111111111111000000000000000000000000000000000
00000000000000001111111111111111111111111111111111111111111111111111111111111111111111111111111110000000000000000000000000000000
00000000000000001111111111111111111111111111111111111111111111111111111111111111111111111111111111000000000000000000000000000000
00000000000000001111111111111111111111111111111111111111111111111111111111111111111111111111111111110000000000000000000000000000
00000000000000000111111111111111111111111111111111111111111111111111111111111111111111111111111111111100000000000000000000000000
00000000000000000011111111111111111111111111111111111111111111111111111111111111111111111111111111111110000000000000000000000000
00000000000000000011111111111111111111111111111111111111111111111111111111111111111111111111111111111111000000000000000000000000
00000000000000000011111111111111111111111111111111111111111111111111111111111111111111111111111111111111100000000000000000000000
00000000000000000001111111111111111111111111111111111111111111111111111111111111111111111111111111111111111000000000000000000000
00000000000000000000111111111111111111111111111111111111111111111111111111111111111111111111111111111111111110000000000000000000
00000000000000000000111111111111111111111111111111111111111111111111111111111111111111111111111111111111111111000000000000000000
00000000000000000000111111111111111111111111111111111111111111111111111111111111111111111111111111111111111111000000000000000000
00000000000000000000011111111111111111111111111111111111111111111111111111111111111111111111111111111111111111110000000000000000
00000000000000000000011111111111111111111111111111111111111111111111111111111111111111111111111111111111111111110000000000000000
00000000000000000000011111111111111111111111111111111111111111111111111111111111111111111111111111111111111111111000000000000000
00000000000000000000001111111111111111111111111111111111111111111111111111111111111111111111111111111111111111111100000000000000
00000000000000000000001111111111111111111111111111111111111111111111111111111111111111111111111111111111111111111110000000000000
00000000000000000000001111111111111111100000000010111111111111111111111111111111111111111111111111111111111111111110000000000000
00000000000000000000000111111111111000000000000000000000111111111111111111111111111111111111111111111111111111111111000000000000
00000000000000000000000111111111000000000000000000000000000000001111111111111111111111111111111111111111111111111111000000000000
00000000000000000000000111111000000000000000000000000000000000000000000111111111111111111111111111111111111111111111100000000000
00000000000000000000000000000000000000000000000000000000000000000000000000001111111111111111111111111111111111111111100000000000
00000000000000000000000000000000000000000000000000000000000000000000000000000001111111111111111111111111111111111111110000000000
00000000000000000000000000000000000000000000000000000000000000000000000000000000111111111111111111111111111111111111110000000000
00000000000000000000000000000000000000000000000000000000000000000000000000000000011111111111111111111111111111111111110000000000
00000000000000000000000000000000000000000000000000000000000000000000000000000000001111111111111111111111111111111111110000000000
00000000000000000000000000000000000000000000000000000000000000000000000000000000000111111111111111111111111111111111110000000000
00000000000000000000000000000000000000000000000000000000000000000000000000000000000111111111111111111111111111111111111100000000
00000000000000000000000000000110000000000000000000000000000000000000000000000000000111111111111111111111111111111111111100000000
00000000000000000000000000011111111111111100000000000000000000000000000000000000000111111111111111111111111111111111111100000000
00000000000000000000000000111111111111111111110000000000000000000000000000000000000011111111111111111111111111111111111110000000
00000000000000000000000011111111111111111111111000000000000000000000000000000000000011111111111111111111111111111111111100000000
00000000000000000000000111111111111111111111111110000000000000000000000000000000000011111111111111111111111111111111111100000000
00000000000000000000001111111111111111111111111111000000000000000000000000000000000011111111111111111111111111111111111100000000
00000000000000000000011111111111111111111111111111111000000000000000000000000000000011111111111111111111111111111111111100000000
00000000000000000001111111111111111111111111111111111100000000000000000000000000000011111111111111111111111111111111111100000000
00000000000000000011111111111111111111111111111111111111000000000000000000000000000011111111111111111111111111111111111100000000
00000000000000000111111111111111111111111111111111111111100000000000000000000000000011111111111111111111111111111111111100000000
00000000000000001111111111111111111111111111111111111111111000000000000000000000000011111111111111111111111111111111111100000000
00000000000000001111111111111111111111111111111111111111111000000000000000000000000011111111111111111111111111111111111100000000
00000000000000001111111111111111111111111111111111111111111000000000000000000000000011111111111111111111111111111111111100000000
00000000000000011111111111111111111111111111111111111111111000000000000000000000000111111111111111111111111111111111111100000000
00000000000000011111111111111111111111111111111111111111111000000000000000000000000111111111111111111111111111111111111100000000
00000000000000111111111111111111111111111111111111111111111000000000000000000000000111111111111111111111111111111111111000000000
00000000000001111111111111111111111111111111111111111111111000000000000000000000000111111111111111111111111111111111111000000000
00000000000001111111111111111111111111111111111111111111111000000000000000000000000111111111111111111111111111111111111000000000
00000000000011111111111111111111111111111111111111111111111000000000000000000000000111111111111111111111111111111111111000000000
00000000001111111111111111111111111111111111111111111111111000000000000000000000000111111111111111111111111111111111111000000000
00000000001111111111111111111111111101111111111111111111110000000000000000000000001111111111111111111111111111111111110000000000
00000000011111111111111111111111111001111111111111111111110000000000000000000000001111111111111111111111111111111111100000000000
00000000011111111111111111111111111000111111111111111111110000000000000000000000011111111111111111111111111111111111000000000000
00000000111111111111111111111111111110111111111111111111100000000000000000000000011111111111111111111111111111111110000000000000
00000000111111111111111111111111111110111111111111111111100000000000000000000000111111111111111111111111111111111110000000000000
00000000111111111111111111111111111110011111111111111110000000000000000000000000111111111111111111111111111111111110000000000000
00000000111111111111111111111111111110001111111111111110000000000000000000000000111111111111111111111111111111111110000000000000
00000000111111111111111111111111111110000011111111111110000000000000000000000000111111111111111111111111111111111110000000000000
00000000111111111111111111111111111110000000011100000000000000000000000000000000111111111111111111111111111111111110000000000000
00000000111111111111111111111111111110000000000000000000000000000000000000000001111111111111111111111111111111111100000000000000
00000000111111111111111111111111111110000000000000000000000000000000000000000011111111111111111111111111111111111100000000000000
00000000111111111111111111111111111110000000000000000000000000000000000000000111111111111111111111111111111111111100000000000000
00000000111111111111111111111111111110000000000000000000000000000000000000001111111111111111111111111111111111111000000000000000
00000001111111111111111111111111111111000000000000000000000000000000000000001111111111111111111111111111111111111000000000000000
00000001111111111111111111111111111111000000000000000000000000000000000000011111111111111111111111111111111111111000000000000000
00000001111111111111111111111111111111000000000000000000000000000000000000111111111111111111111111111111111111111000000000000000
00000001111111111111111111111111111111100000000000000000000000000000000001111111111111111111111111111111111111110000000000000000
00000001111111111111111111111111111111110000000000000000000000000000000111111111111111111111111111111111111111110000000000000000
00000001111111111111111111111111111111111000000000000000000000000000001111111111111111111111111111111111111111110000000000000000
00000011111111111111111111111111111111111110000000000000000000000000011111111111111111111111111111111111111111100000000000000000
00000011111111111111111111111111111111111111111000000000000000000001111111111111111111111111111111111111111111000000000000000000
00000011111111111111111111111111111111111111111100000000000000000111111111111111111111111111111111111111111111000000000000000000
00000011111111111111111111111111111111111111111111111100000000011111111111111111111111111111111111111111111110000000000000000000
00000011111111111111111111111111111111111111111111111111111111111111111111111111111111111111111111111111111100000000000000000000
00000011111111111111111111111111111111111111111111111111111111111111111111111111111111111111111111111111111000000000000000000000
00000011111111111111111111111111111111111111111111111111111111111111111111111111111111111111111111111111111000000000000000000000
00000011111111111111111111111111111111111111111111111111111111111111111111111111111111111111111111111111110000000000000000000000
00000011111111111111111111111111111111111111111111111111111111111111111111111111111111111111111111111111100000000000000000000000
00000011111111111111111111111111111111111111111111111111111111111111111111111111111111111111111111111111100000000000000000000000
00000011111111111111111111111111111111111111111111111111111111111111111111111111111111111111111111111110000000000000000000000000
00000011111111111111111111111111111111111111111111111111111111111111111111111111111111111111111111111110000000000000000000000000
00000011111111111111111111111111111111111111111111111111111111111111111111111111111111111111111111111000000000000000000000000000
00000011111111111111111111111111111111111111111111111111111111111111111111111111111111111111111111111000000000000000000000000000
00000011111111111111111111111111111111111111111111111111111111111111111111111111111111111111111111100000000000000000000000000000
00000011111111111111111111111111111111111111111111111111111111111111111111111111111111111111111111000000000000000000000000000000
00000011111111111111111111111111111111111111111111111111111111111111111111111111111111111111111110000000000000000000000000000000
00000001111111111111111111111111111111111111111111111111111111111111111111111111111111111111111100000000000000000000000000000000
00000001111111111111111111111111111111111111111111111111111111111111111111111111111111111111111000000000000000000000000000000000
00000000111111111111111111111111111111111111111111111111111111111111111111111111111111111111100000000000000000000000000000000000
00000000111111111111111111111111111111111111111111111111111111111111111111111111111111111111000000000000000000000000000000000000
00000000111111111111111111111111111111111111111111111111111111111111111111111111111111111110000000000000000000000000000000000000
00000000011111111111111111111111111111111111111111111111111111111111111111111111111111111110000000000000000000000000000000000000
00000000011111111111111111111111111111111111111111111111111111111111111111111111111111110000000000000000000000000000000000000000
00000000011111111111111111111111111111111111111111111111111111111111111111111111111110000000000000000000000000000000000000000000
00000000001111111111111111111111111111111111111111111111111111111111111111111111100000000000000000000000000000000000000000000000
00000000000011111111111111111111111111111111111111111111111111111111111111110000000000000000000000000000000000000000000000000000
00000000000000111111111111111111111111111111111111111111111111111111100100000000000000000000000000000000000000000000000000000000
00000000000000001111111111111111111111111111111111111111111111110000000000000000000000000000000000000000000000000000000000000000
00000000000000000011111111111111111111111111111111100000000000000000000000000000000000000000000000000000000000000000000000000000
00000000000000000000011111111111111111111111111110000000000000000000000000000000000000000000000000000000000000000000000000000000
00000000000000000000000011111111111111111111000000000000000000000000000000000000000000000000000000000000000000000000000000000000
00000000000000000000000000000000000000000000000000000000000000000000000000000000000000000000000000000000000000000000000000000000
