00000000000000000000000000000000000000000000000000000000000000000000000000000000000000000000000000000000000000000000000000000000
00000000000000000000000000000000000000000000000000000000000000000000000000000000000000000000000000000000000000000000000000000000
00000000000000000000000000000000000000000000000000000000000000000000000000000000000000000000000000000000000000000000000000000000
00000000000000000000000001000000000000000000000000000000000000000000000000000000000000000000000000000000000000000000000000000000
00000000000001111111111111111110000000000000000000000000000000000000000000000000000000000000000000000000000000000000000000000000
00000000000011111111111111111111100000000000000000000000000000000000000000000000000000000000000000000000000000000000000000000000
00000000000011111111111111111111110000000000000000000000000000000000000000000000000000000000000000000000000000000000000000000000
00000000000011111111111111111111111000000000000000000000000000000000000000000000000000000000000000000000000000000000000000000000
00000000001111111111111111111111111000000000000000000000000000000000000000000000000000000000000000000000000000000000000000000000
00000000011111111111111111111111111100000000000000000000000000000000000000000000000000000000000000000000000000000000000000000000
00000000011111111111111111111111111110000000000000000000000000000000000000000000000000000000000000000000000000000000000000000000
00000000011111111111111111111111111111000000000000000000000000000000000000000000000000000000000000000000000000000000000000000000
00000000011111111111111111111111111111100000000000000000000000000000000000000000000000000000000000000000000000000000000000000000
00000000011111111111111111111111111111110000000000000000000000000000000000000000000000000000000000000000000000000000000000000000
00000000011111111111111111111111111111110000000000000000000000000000000000000000000000000000000000000000000000000000000000000000
00000000011111111111111111111111111111111100000001111111111111111111111000000000000000000000000000000000000000000000000000000000
00000000011111111111111111111111111111111100000011111111111111111111111111111111111111000000000000000000000000000000000000000000
00000000111111111111111111111111111111111110001111111111111111111111111111111111111111111000000000000000000000000000000000000000
00000000011111111111111111111111111111111111111111111111111111111111111111111111111111111110000000000000000000000000000000000000
00000000011111111111111111111111111111111111111111111111111111111111111111111111111111111111110000000000000000000000000000000000
00000000011111111111111111111111111111111111111111111111111111111111111111111111111111111111111100000000000000000000000000000000
00000000011111111111111111111111111111111111111111111111111111111111111111111111111111111111111110000000000000000000000000000000
00000000000111111111111111111111111111111111111111111111111111111111111111111111111111111111111111100000000000000000000000000000
00000000000000111111111111111111111111111111111111111111111111111111111111111111111111111111111111110000000000000000000000000000
00000000000000011111111101111111111111111111111111111111111111111111111111111111111111111111111111111000000000000000000000000000
00000000000000001111111100111111111111111111111111111111111111111111111111111111111111111111111111111110000000000000000000000000
00000000000000000111111111111111111111111101111111111111111111111111111111111111111111111111111111111111000000000000000000000000
00000000000000000011111111111111111111111111111111111111111111111111111111111111111111111111111111111111110000000000000000000000
00000000000000000011111111111111111111111111111111111111111111111111111111111111111111111111111111111111111110000000000000000000
00000000000000000001111111111111111111111111111111111111111111111111111111111111111111111111111111111111111111000000000000000000
00000000000000000000111111111111111111111111111111111111111111111111111111111111111111111111111111111111111111110000000000000000
00000000000000000000111111111111111111111111111111111111111111111111111111111111111111111111111111111111111111111000000000000000
00000000000000000000011111111111111111111111111111111111111111111111111111111111111111111111111111111111111111111111000000000000
00000000000000000000011111111111111111111111111111111111111111111111111111111111111111111111111111111111111111111111000000000000
00000000000000000000011111111111111111111111111111111111111111111111111111111111111111111111111111111111111111111111000000000000
00000000000000000000001111111111111111111111111111111111111111111111111111111111111111111111111111111111111111111111100000000000
00000000000000000000000111111111111111111111111111111111111111111111111111111111111111111111111111111111111111111111100000000000
00000000000000000000000011111111111111111111111111111111111111111111111111111111111111111111111111111111111111111111110000000000
00000000000000000000000011111111111111111111111111111111111111111111111111111111111111111111111111111111111111111111110000000000
00000000000000000000000011111111111111111111111111111111111111111111111111111111111111111111111111111111111111111111111000000000
00000000000000000000000001111111111111111111111111111111111111111111111111111111111111111111111111111111111111111111111100000000
00000000000000000000000001111111111111111111111111111111111111111111111111111111111111111111111111111111111111111111111100000000
00000000000000000000000000111111111111111111111111111111111111111111111111111111111111111111111111111111111111111111111110000000
00000000000000000000000000111111111111111111111111111111111111111111111111111111111111111111111111111111111111111111111111000000
00000000000000000000000000011111111111111111111111111111111111111111111111111111111111111111111111111111111111111111111111100000
00000000000000000000000000011111111111111111111111110000000000000000000111111111111111111111111111111111111111111111111111100000
00000000000000000000000000001111111111111111111000000000000000000000000000111111111111111111111111111111111111111111111111111100
00000000000000000000000000001111111111111111000000000000000000000000000000000010000011111111111111111111111111111111111111111100
00000000000000000000000000000111111111111100000000000000000000000000000000000000000001111111111111111111111111111111111111111100
00000000000000000000000000000000000000000000000000000000000000000000000000000000000000011111111111111111111111111111111111111100
00000000000000000000000000000000000000000000000000000000000000000000000000000000000000001111111111111111111111111111111111111100
00000000000000000000000000000000000000000000000000000000000000000000000000000000000000001111111111111111111111111111111111111100
00000000000000000000000000000000000000000000000000000000000000000000000000000000000000000111111111111111111111111111111111111100
00000000000000000000000000000000000000001000000000000000000000000000000000000000000000000011111111111111111111111111111111111100
00000000000000000000000000000000000111111111111111111111000000000000000000000000000000000001111111111111111111111111111111111100
00000000000000000000000000000000111111111111111111111111111000000000000000000000000000000001111111111111111111111111111111111000
00000000000000000000000000000011111111111111111111111111111000000000000000000000000000000001111111111111111111111111111111111000
00000000000000000000000000011111111111111111111111111111111110000000000000000000000000000000111111111111111111111111111111111000
00000000000000000000000001111111111111111111111111111111111111110000000000000000000000000000111111111111111111111111111111111000
00000000000000000000000011111111111111111111111111111111111111111000000000000000000000000000011111111111111111111111111111111000
00000000000000000000000111111111111111111111111111111111111111111111000000000000000000000000011111111111111111111111111111111000
00000000000000000000000111111111111111111111111111111111111111111111000000000000000000000000011111111111111111111111111111110000
00000000000000000000001111111111111111111111111111111111111111111111110000000000000000000000001111111111111111111111111111110000
00000000000000000000001111111111111111111111111111111111111111111111110000000000000000000000001111111111111111111111111111110000
00000000000000000000011111111111111111111111111111111111111111111111111000000000000000000000000111111111111111111111111111110000
00000000000000000000011111111111111111111111111111111111111111111111110000000000000000000000000111111111111111111111111111100000
00000000000000000000111111111111111111111111111111111111111111111111110000000000000000000000000111111111111111111111111111100000
00000000000000000000111111111111111111111111111111111111111111111111110000000000000000000000000111111111111111111111111111100000
00000000000000000001111111111111111111111111111111111111111111111111110000000000000000000000000111111111111111111111111111100000
00000000000000000011111111111111111111111111111111111111111111111111110000000000000000000000000111111111111111111111111111100000
00000000000000000011111111111111111111111111111111111111111111111111110000000000000000000000000111111111111111111111111111100000
00000000000000000011111111111111111111111111111111111111111111111111110000000000000000000000000111111111111111111111111111000000
00000000000000000111111111111111111111111111111111111111111111111111110000000000000000000000000111111111111111111111111111000000
00000000000000001111111111111111111111111111111111111111111111111111100000000000000000000000000111111111111111111111111111000000
00000000000000001111111111111111111111111001111111111111111111111111100000000000000000000000000111111111111111111111111111000000
00000000000000011111111111111111111111111001111111111111111111111111000000000000000000000000001111111111111111111111111111000000
00000000000000011111111111111111111111111000111111111111111111111110000000000000000000000000001111111111111111111111111111000000
00000000000000111111111111111111111111110000011111111111111111111110000000000000000000000000001111111111111111111111111110000000
00000000000000111111111111111111111111110000000000011111111111111100000000000000000000000000011111111111111111111111111110000000
00000000000000111111111111111111111111110000000000000011111111110000000000000000000000000000011111111111111111111111111110000000
00000000000001111111111111111111111111110000000000000000000000000000000000000000000000000000111111111111111111111111111110000000
00000000000000111111111111111111111111110000000000000000000000000000000000000000000000000000111111111111111111111111111110000000
00000000000000111111111111111111111111110000000000000000000000000000000000000000000000000011111111111111111111111111111110000000
00000000000000111111111111111111111111110000000000000000000000000000000000000000000000000011111111111111111111111111111110000000
00000000000000111111111111111111111111110000000000000000000000000000000000000000000000000011111111111111111111111111111100000000
00000000000000111111111111111111111111111000000000000000000000000000000000000000000000000011111111111111111111111111111100000000
00000000000000111111111111111111111111111000000000000000000000000000000000000000000000000011111111111111111111111111111100000000
00000000000000111111111111111111111111111000000000000000000000000000000000000000000000000011111111111111111111111111111100000000
00000000000000111111111111111111111111111100000000000000000000000000000000000000000000000011111111111111111111111111111100000000
00000000000001111111111111111111111111111110000000000000000000000000000000000000000000000011111111111111111111111111111100000000
00000000000001111111111111111111111111111111000000000000000000000000000000000000000000000111111111111111111111111111111000000000
00000000000001111111111111111111111111111111110000000000000000000000000000000000000000001111111111111111111111111111111000000000
00000000000001111111111111111111111111111111111000000000000000000000000000000000000000001111111111111111111111111111111000000000
00000000000001111111111111111111111111111111111000000000000000000000000000000000000000011111111111111111111111111111100000000000
00000000000001111111111111111111111111111111111100000000000000000000000000000000000000111111111111111111111111111111100000000000
00000000000001111111111111111111111111111111111111100000000000000000000000000000000011111111111111111111111111111111000000000000
00000000000001111111111111111111111111111111111111111111000000000000000000000000000011111111111111111111111111111111000000000000
00000000000001111111111111111111111111111111111111111111111100000000000000000000000011111111111111111111111111111110000000000000
00000000000001111111111111111111111111111111111111111111111111111100000000000000000111111111111111111111111111111100000000000000
00000000000001111111111111111111111111111111111111111111111111111111111000000001111111111111111111111111111111111000000000000000
00000000000000111111111111111111111111111111111111111111111111111111111111111111111111111111111111111111111111111000000000000000
00000000000000111111111111111111111111111111111111111111111111111111111111111111111111111111111111111111111111111000000000000000
00000000000000111111111111111111111111111111111111111111111111111111111111111111111111111111111111111111111111110000000000000000
00000000000000111111111111111111111111111111111111111111111111111111111111111111111111111111111111111111111111110000000000000000
00000000000000011111111111111111111111111111111111111111111111111111111111111111111111111111111111111111111111000000000000000000
00000000000000011111111111111111111111111111111111111111111111111111111111111111111111111111111111111111111110000000000000000000
00000000000000011111111111111111111111111111111111111111111111111111111111111111111111111111111111111111111110000000000000000000
00000000000000001111111111111111111111111111111111111111111111111111111111111111111111111111111111111111111100000000000000000000
00000000000000001111111111111111111111111111111111111111111111111111111111111111111111111111111111111111111100000000000000000000
00000000000000000011111111111111111111111111111111111111111111111111111111111111111111111111111111111111111000000000000000000000
00000000000000000001111111111111111111111111111111111111111111111111111111111111111111111111111111111111110000000000000000000000
00000000000000000001111111111111111111111111111111111111111111111111111111111111111111111111111111111111110000000000000000000000
00000000000000000000111111111111111111111111111111111111111111111111111111111111111111111111111111111111100000000000000000000000
00000000000000000000011111111111111111111111111111111111111111111111111111111111111111111111111111111111000000000000000000000000
00000000000000000000001111111111111111111111111111111111111111111111111111111111111111111111111111111111000000000000000000000000
00000000000000000000001111111111111111111111111111111111111111111111111111111111111111111111111111111110000000000000000000000000
00000000000000000000000111111111111111111111111111111111111111111111111111111111111111111111111111111000000000000000000000000000
00000000000000000000000011111111111111111111111111111111111111111111111111111111111111111111111111110000000000000000000000000000
00000000000000000000000001111111111111111111111111111111111111111111111111111111111111111111111110000000000000000000000000000000
00000000000000000000000000011111111111111111111111111111111111111111111111111111111111111111111000000000000000000000000000000000
00000000000000000000000000000011111111111111111111111111111111111111111111111111111111111111100000000000000000000000000000000000
00000000000000000000000000000000011111111111111111111111111111111111111111111111111111111100000000000000000000000000000000000000
00000000000000000000000000000000000000001111111111111111111111111111111111111111111111111000000000000000000000000000000000000000
00000000000000000000000000000000000000000001111111111111111111111111111111111111111111110000000000000000000000000000000000000000
00000000000000000000000000000000000000000000000000111111111111111111111111111111111111100000000000000000000000000000000000000000
00000000000000000000000000000000000000000000000000000001111111111111111111111111100000000000000000000000000000000000000000000000
00000000000000000000000000000000000000000000000000000000000000010000000000000000000000000000000000000000000000000000000000000000
00000000000000000000000000000000000000000000000000000000000000000000000000000000000000000000000000000000000000000000000000000000
