00000000000000000000000000000000000000000000000000000000000000000000000000000000000000000000000000000000000000000000000000000000
00000000000000000000000000000000000000000000000000000000000000000000000000000000000000000000000000000000000000000000000000000000
00000000000000000000000000000000000000000000000000000000000000000000000000000000000000000000000000000000000000000000000000000000
00000000000000000000000000000000000000000000000000000000000000000000000000000000000000000000000000000000000000000000000000000000
00000000000000000000000000000000000000000000000000000000000000000000000000000000000000000000000000000000000000000000000000000000
00000000000000000000000000000000000000000000000000000000000000000000000000000000000000000000000000000000000000000000000000000000
00000000000000000000000000000000000000000000000000000000000000000000000000000000000000000000000000000000000000000000000000000000
00000000000000000000000010000010000000000000000000000000000000000000000000000000000000000000000000000000000000000000000000000000
00000000000000111111111111111111111000000000000000000000000000000001000001000000000000000000000000000000000000000000000000000000
00000000000011111111111111111111111110000000000000000000000000001111111111111111110000000000000000000000000000000000000000000000
00000000000111111111111111111111111111000000000000000000000000111111111111111111111111100000000000000000000000000000000000000000
00000000001111111111111111111111111111110000000000000000011111111111111111111111111111111000000000000000000000000000000000000000
00000000011111111111111111111111111111111000000000011111111111111111111111111111111111111100000000000000000000000000000000000000
00000000011111111111111111111111111111111100000011111111111111111111111111111111111111111111000000000000000000000000000000000000
00000000011111111111111111111111111111111110000111111111111111111111111111111111111111111111110000000000000000000000000000000000
00000000111111111111111111111111111111111110001111111111111111111111111111111111111111111111111100000000000000000000000000000000
00000000111111111111111111111111111111111111111111111111111111111111111111111111111111111111111111000000000000000000000000000000
00000000111111111111111111111111111111111111111111111111111111111111111111111111111111111111111111000000000000000000000000000000
00000000111111111111111111111111111111111111111111111111111111111111111111111111111111111111111111100000000000000000000000000000
00000001111111111111111111111111111111111111111111111111111111111111111111111111111111111111111111110000000000000000000000000000
00000000111111111111111111111111111111111111111111111111111111111111111111111111111111111111111111111000000000000000000000000000
00000000111111111111111111111111111111111111111111111111111111111111111111111111111111111111111111111110000000000000000000000000
00000000111111111111111111111111111111111111111111111111111111111111111111111111111111111111111111111111000000000000000000000000
00000000111111111111111111111111111111111111111111111111111111111111111111111111111111111111111111111111000000000000000000000000
00000001111111111111111111111111111111111111111111111111111111111111111111111111111111111111111111111111100000000000000000000000
00000000111111111111111111111111111111111111111111111111111111111111111111111111111111111111111111111111100000000000000000000000
00000000111111111111111111111111111111111111111111111111111111111111111111111111111111111111111111111111110000000000000000000000
00000000111111111111111111111111111111111111111111111111111111111111111111111111111111111111111111111111111000000000000000000000
00000000001111111111111111111111111111111111111111111111111111111111111111111111111111111111111111111111111000000000000000000000
00000000000000111111111111111111111111111111111111111111111111111111111111111111111111111111111111111111111000000000000000000000
00000000000000000000011111111111111111111111111111111111111111111111111111111111111111111111111111111111111100000000000000000000
00000000000000000000000011111111111111101111111111111111111111111111111111111111111111111111111111111111111111000000000000000000
00000000000000000000000001111111111111111111111111111111111111111111111111111111111111111111111111111111111111100000000000000000
00000000000000000000000000111111111111111111111111111111111111111111111111111111111111111111111111111111111111110000000000000000
00000000000000000000000000111111111111111111111111111111111111111111111111111111111111111111111111111111111111110000000000000000
00000000000000000000000000011111111111111111111111111111111111111111111111111111111111111111111111111111111111110000000000000000
00000000000000000000000000011111111111111111111111111111111111111111111111111111111111111111111111111111111111110000000000000000
00000000000000000000000000001111111111111111111111111111000000000000001111111111111111111111111111111111111111111000000000000000
00000000000000000000000000011111111111111111111111111000000000000000000000111111111111111111111111111111111111111000000000000000
00000000000000000000000000001111111111111111111100000000000000000000000000000000011111111111111111111111111111111100000000000000
00000000000000000000000000001111111111111111100000000000000000000000000000000000001111111111111111111111111111111100000000000000
00000000000000000000000000001111111111111110000000000000000000000000000000000000000011111111111111111111111111111100000000000000
00000000000000000000000000001111111110110000000000000000000000000000000000000000000001111111111111111111111111111100000000000000
00000000000000000000000000000000000000000000000000000000000000000000000000000000000000111111111111111111111111111100000000000000
00000000000000000000000000000000000000011000000000100000000000000000000000000000000000001111111111111111111111111110000000000000
00000000000000000000000000000000000011111111111111111100000000000000000000000000000000001111111111111111111111111100000000000000
00000000000000000000000000000000001111111111111111111110000000000000000000000000000000001111111111111111111111111110000000000000
00000000000000000000000000000000111111111111111111111111000000000000000000000000000000001111111111111111111111111110000000000000
00000000000000000000000000000001111111111111111111111111000000000000000000000000000000000111111111111111111111111110000000000000
00000000000000000000000000000001111111111111111111111111100000000000000000000000000000000111111111111111111111111110000000000000
00000000000000000000000000000111111111111111111111111111100000000000000000000000000000000001111111111111111111111111000000000000
00000000000000000000000000001111111111111111111111111111110000000000000000000000000000000000111111111111111111111110000000000000
00000000000000000000000000011111111111111111111111111111110000000000000000000000000000000000111111111111111111111110000000000000
00000000000000000000000000111111111111111111111111111111111000000000000000000000000000000000011111111111111111111111000000000000
00000000000000000000000001111111111111111111111111111111111000000000000000000000000000000000011111111111111111111111000000000000
00000000000000000000000011111111111111111111111111111111111110000000000000000000000000000000011111111111111111111111000000000000
00000000000000000000000111111111111111111111111111111111111110000000000000000000000000000000001111111111111111111111100000000000
00000000000000000000000111111111111111111111111111111111111110000000000000000000000000000000001111111111111111111111100000000000
00000000000000000000000111111111111111111111111111111111111110000000000000000000000000000000001111111111111111111111100000000000
00000000000000000000001111111111111111111111111111111111111110000000000000000000000000000000001111111111111111111111100000000000
00000000000000000000001111111111111111110001111111111111111110000000000000000000000000000000000111111111111111111111100000000000
00000000000000000000011111111111111111100000111111111111111110000000000000000000000000000000000111111111111111111111110000000000
00000000000000000000011111111111111111100000011111111111111110000000000000000000000000000000000111111111111111111111110000000000
00000000000000000000011111111111111111100000111111111111111110000000000000000000000000000000000111111111111111111111110000000000
00000000000000000000011111111111111111110011111111111111111110000000000000000000000000000000000111111111111111111111110000000000
00000000000000000000011111111111111111111111111111111111111110000000000000000000000000000000000111111111111111111111110000000000
00000000000000000000011111111111111111111111111111111111111100000000000000000000000000000000000111111111111111111111110000000000
00000000000000000000011111111111111111111111111111111111111100000000000000000000000000000000000111111111111111111111110000000000
00000000000000000000011111111111111111111111111111111111111100000000000000000000000000000000000111111111111111111111111000000000
00000000000000000000011111111111111111111111111111111111110000000000000000000000000000000000000111111111111111111111110000000000
00000000000000000000111111111111111111111111111111111111110000000000000000000000000000000000000111111111111111111111110000000000
00000000000000000000111111111111111111111111111111111111100000000000000000000000000000000000000111111111111111111111110000000000
00000000000000000000111111111111111111111111111111111111000000000000000000000000000000000000011111111111111111111111110000000000
00000000000000000000111111111111111111111111111111111111000000000000000000000000000000000000011111111111111111111111110000000000
00000000000000000001111111111111111111111111111111111110000000000000000000000000000000000000011111111111111111111111110000000000
00000000000000000000111111111111111111111111111111111000000000000000000000000000000000000000011111111111111111111111110000000000
00000000000000000001111111111111111111111111111111110000000000000000000000000000000000000000011111111111111111111111110000000000
00000000000000000001111111111111111111111111111111000000000000000000000000000000000000000000011111111111111111111111110000000000
00000000000000000001111111111111111111111111111110000000000000000000000000000000000000000000111111111111111111111111111000000000
00000000000000000001111111111111111111111111111100000000000000000000000000000000000000000000111111111111111111111111110000000000
00000000000000000001111111111111111111111111111100000000000000000000000000000000000000000000111111111111111111111111111000000000
00000000000000000001111111111111111111111111111100000000000000000000000000000000000000000001111111111111111111111111110000000000
00000000000000000001111111111111111111111111111100000000000000000000000000000000000000000011111111111111111111111111110000000000
00000000000000000001111111111111111111111111111100000000000000000000000000000000000000000011111111111111111111111111110000000000
00000000000000000001111111111111111111111111111110000000000000000000000000000000000000000111111111111111111111111111110000000000
00000000000000000001111111111111111111111111111111100000000000000000000000000000000000001111111111111111111111111111100000000000
00000000000000000001111111111111111111111111111111110000000000000000000000000000000001111111111111111111111111111111100000000000
00000000000000000001111111111111111111111111111111111000000000000000000000000000000011111111111111111111111111111111100000000000
00000000000000000001111111111111111111111111111111111110000000000000000000000000111111111111111111111111111111111111000000000000
00000000000000000000111111111111111111111111111111111111111000000000000000000111111111111111111111111111111111111111000000000000
00000000000000000000011111111111111111111111111111111111111111111111111111111111111111111111111111111111111111111111000000000000
00000000000000000000011111111111111111111111111111111111111111111111111111111111111111111111111111111111111111111111000000000000
00000000000000000000011111111111111111111111111111111111111111111111111111111111111111111111111111111111111111111111000000000000
00000000000000000000001111111111111111111111111111111111111111111111111111111111111111111111111111111111111111111111000000000000
00000000000000000000001111111111111111111111111111111111111111111111111111111111111111111111111111111111111111111111000000000000
00000000000000000000000111111111111111111111111111111111111111111111111111111111111111111111111111111111111111111111000000000000
00000000000000000000000111111111111111111111111111111111111111111111111111111111111111111111111111111111111111111111000000000000
00000000000000000000000011111111111111111111111111111111111111111111111111111111111111111111111111111111111111111111000000000000
00000000000000000000000011111111111111111111111111111111111111111111111111111111111111111111111111111111111111111111000000000000
00000000000000000000000001111111111111111111111111111111111111111111111111111111111111111111111111111111111111111100000000000000
00000000000000000000000001111111111111111111111111111111111111111111111111111111111111111111111111111111111111111100000000000000
00000000000000000000000000111111111111111111111111111111111111111111111111111111111111111111111111111111111111111000000000000000
00000000000000000000000000111111111111111111111111111111111111111111111111111111111111111111111111111111111111110000000000000000
00000000000000000000000000011111111111111111111111111111111111111111111111111111111111111111111111111100111111110000000000000000
00000000000000000000000000000111111111111111111111111111111111111111111111111111111111111111111111110001111111000000000000000000
00000000000000000000000000000001111111111111111111111111111111111111111111111111111111111111111111110011111111000000000000000000
00000000000000000000000000000000111111111111111111111111111111111111111111111111111111111111111111111111111100000000000000000000
00000000000000000000000000000000000111111111111111111111111111111111111111111111111111111111111111111111111100000000000000000000
00000000000000000000000000000000000011111111111111111111111111111111111111111111111111111111111111111111110000000000000000000000
00000000000000000000000000000000000011111111111111111111111111111111111111111111111111111111111111111111100000000000000000000000
00000000000000000000000000000000000011111111111111111111111111111111111111111111111111111111111111111111000000000000000000000000
00000000000000000000000000000000000000000111111111111111111111111111111111111111111111111111111111111110000000000000000000000000
00000000000000000000000000000000000000000001111111111111111111111111111111111111111111111111111111111100000000000000000000000000
00000000000000000000000000000000000000000000000111111111111111111111111111111111111111111111111111111100000000000000000000000000
00000000000000000000000000000000000000000000000011111111111111111111111111111111111111111111111111100000000000000000000000000000
00000000000000000000000000000000000000000000000000000111111111111111111111111111111111111111111000000000000000000000000000000000
00000000000000000000000000000000000000000000000000000000111111111111111111111111111111111110000000000000000000000000000000000000
00000000000000000000000000000000000000000000000000000000000000000000000000000100000000000000000000000000000000000000000000000000
00000000000000000000000000000000000000000000000000000000000000000000000000000000000000000000000000000000000000000000000000000000
00000000000000000000000000000000000000000000000000000000000000000000000000000000000000000000000000000000000000000000000000000000
00000000000000000000000000000000000000000000000000000000000000000000000000000000000000000000000000000000000000000000000000000000
00000000000000000000000000000000000000000000000000000000000000000000000000000000000000000000000000000000000000000000000000000000
00000000000000000000000000000000000000000000000000000000000000000000000000000000000000000000000000000000000000000000000000000000
00000000000000000000000000000000000000000000000000000000000000000000000000000000000000000000000000000000000000000000000000000000
00000000000000000000000000000000000000000000000000000000000000000000000000000000000000000000000000000000000000000000000000000000
00000000000000000000000000000000000000000000000000000000000000000000000000000000000000000000000000000000000000000000000000000000
00000000000000000000000000000000000000000000000000000000000000000000000000000000000000000000000000000000000000000000000000000000
00000000000000000000000000000000000000000000000000000000000000000000000000000000000000000000000000000000000000000000000000000000
