00000000000000000000000000000000000000000000000000000000000000000000000000000000000000000000000000000000000000000000000000000000
00000000000000000000000000000000000000000000000000000000000000000000000000000000000000000000000000000000000000000000000000000000
00000000000000000000000000000000000000000000000000000000000000000000000000000000000000000000000000000000000000000000000000000000
00000000000000000000000000000000000000000000000000000000000000000000000000000000000000000000000000000000000000000000000000000000
00000000000000000000000000000000000000000000000000000000000000000000000000000000000000000000000000000000000000000000000000000000
00000000000000000000000000000000000000000000000000000000000000000000000000000000000000000000000000000000000000000000000000000000
00000000000000000000000000000000000000000000000000000000000000000000000000000000000000000000000000000000000000000000000000000000
00000000000000000000000000000000000000000000000000000000000000000000000000000000000000000000000000000000000000000000000000000000
00000000000000000000000000000000000000000000000000000000000000000000000000000000000000000000000000000000000000000000000000000000
00000000000000000000000000000000000000000000000000000000000000000000000000000000000000000000000000000000000000000000000000000000
00000000000000000000000000000000000000000000000000000000000000000000000000000000000000000000000000000000000000000000000000000000
00000000000000100000010000000000000000000000000000000000000000000000000000000000000000000000000000000000000000000000000000000000
00000000011111111111111111100000000000000000000000000000000000000000000000000000000000000000000000000000000000000000000000000000
00000000111111111111111111111100000000000000000000000000000000000000000000000000000000000000000000000000000000000000000000000000
00000011111111111111111111111111000000000000000000000000000000000001100000000001110000000000000000000000000000000000000000000000
00000111111111111111111111111111100000000000000000000000000001111111111111111111111111110000000000000000000000000000000000000000
00001111111111111111111111111111110000000000000000000000001111111111111111111111111111111111111000000000000000000000000000000000
00001111111111111111111111111111111110000000000000000001111111111111111111111111111111111111111100000000000000000000000000000000
00001111111111111111111111111111111110000000000000000111111111111111111111111111111111111111111100000000000000000000000000000000
00001111111111111111111111111111111110000000000000011111111111111111111111111111111111111111111111000000000000000000000000000000
00001111111111111111111111111111111111000000000000111111111111111111111111111111111111111111111111110000000000000000000000000000
00001111111111111111111111111111111111111000000011111111111111111111111111111111111111111111111111111100000000000000000000000000
00001111111111111111111111111111111111111100000011111111111111111111111111111111111111111111111111111110000000000000000000000000
00011111111111111111111111111111111111111100001111111111111111111111111111111111111111111111111111111111000000000000000000000000
00001111111111111111111111111111111111111111111111111111111111111111111111111111111111111111111111111111110000000000000000000000
00001111111111111111111111111111111111111111111111111111111111111111111111111111111111111111111111111111111000000000000000000000
00001111111111111111111111111111111111111111111111111111111111111111111111111111111111111111111111111111111000000000000000000000
00000111111111111111111111111111111111111111111111111111111111111111111111111111111111111111111111111111111100000000000000000000
00000011111111111111111111111111111111111111111111111111111111111111111111111111111111111111111111111111111110000000000000000000
00000000111111111111111111111111111111111111111111111111111111111111111111111111111111111111111111111111111110000000000000000000
00000000001111111111111111111111111111111111111111111111111111111111111111111111111111111111111111111111111111000000000000000000
00000000000000111111111111111111111111111111111111111111111111111111111111111111111111111111111111111111111111100000000000000000
00000000000000011111111111111111111111111111111111111111111111111111111111111111111111111111111111111111111111100000000000000000
00000000000000001111111111111111111111111111111111111111111111111111111111111111111111111111111111111111111111100000000000000000
00000000000000000111111111111111111111111111111111111111111111111111111111111111111111111111111111111111111111100000000000000000
00000000000000000111111111111111111111111111111111111111111111111111111111111111111111111111111111111111111111100000000000000000
00000000000000000011111111111111111111111111111111111111111111111111111111111111111111111111111111111111111111100000000000000000
00000000000000000011111111111111111111111111111111111111111111111111111111111111111111111111111111111111111111100000000000000000
00000000000000000011111111111111111111111111111111111111111111111111111111111111111111111111111111111111111111100000000000000000
00000000000000000011111111111111111111111111111111111111111111111111111100000011111111111111111111111111111111110000000000000000
00000000000000000011111111111111111111111111111111111111111111110000000000000000111111111111111111111111111111110000000000000000
00000000000000000001111111111111111111111111111111111111111111000000000000000000001111111111111111111111111111110000000000000000
00000000000000000001111111111111111111111111111111111111111000000000000000000000000111111111111111111111111111111000000000000000
00000000000000000000111111111111111111111111111111111111000000000000000000000000000111111111111111111111111111111000000000000000
00000000000000000000011111111111111111111111111111111110000000000000000000000000000011111111111111111111111111111000000000000000
00000000000000000000011111111111111111111111111111111000000000000000000000000000000011111111111111111111111111111000000000000000
00000000000000000000001111111111111111111111111111100000000000000000000000000000000001111111111111111111111111111000000000000000
00000000000000000000000111111111111111111111111111000000000000000000000000000000000001111111111111111111111111111100000000000000
00000000000000000000000111111111111111111111111111000000000000000000000000000000000000111111111111111111111111111100000000000000
00000000000000000000000011111111111111111111111000000000000000000000000000000000000000111111111111111111111111111100000000000000
00000000000000000000000011111111111111111111110000000000000000000000000000000000000000011111111111111111111111111100000000000000
00000000000000000000000001111111111111111111110000000000000000000000000000000000000000011111111111111111111111111100000000000000
00000000000000000000000000011111111111111111000000000000000000000000000000000000000000011111111111111111111111111100000000000000
00000000000000000000000000000000000000000000000000000000000000000000000000000000000000001111111111111111111111111100000000000000
00000000000000000000000000000000000000000000000000000000000000000000000000000000000000001111111111111111111111111100000000000000
00000000000000000000000000000000000000000000000000000000000000000000000000000000000000001111111111111111111111111100000000000000
00000000000000000000000000000000000000000000000001000001110000000000000000000000000000001111111111111111111111111100000000000000
00000000000000000000000000000000000000000001111111111111111110000000000000000000000000001111111111111111111111111100000000000000
00000000000000000000000000000000000000111111111111111111111111100000000000000000000000001111111111111111111111111100000000000000
00000000000000000000000000000000000001111111111111111111111111110000000000000000000000001111111111111111111111111100000000000000
00000000000000000000000000000000000111111111111111111111111111111000000000000000000000001111111111111111111111111100000000000000
00000000000000000000000000000000011111111111111111111111111111111100000000000000000000001111111111111111111111111100000000000000
00000000000000000000000000000001111111111111111111111111111111111110000000000000000000011111111111111111111111111100000000000000
00000000000000000000000000000011111111111111111111111111111111111111000000000000000000011111111111111111111111111100000000000000
00000000000000000000000000001111111111111111111111111111111111111111110000000000000000011111111111111111111111111100000000000000
00000000000000000000000000011111111111111111111111111111111111111111111000000000000000111111111111111111111111111100000000000000
00000000000000000000000001111111111111111111111111111111111111111111111100000000000000111111111111111111111111111100000000000000
00000000000000000000000011111111111111111111111111111111111111111111111100000000000000111111111111111111111111111100000000000000
00000000000000000000000011111111111111111111111111111111111111111111111100000000000000111111111111111111111111111100000000000000
00000000000000000000001111111111111111111100000001111111111111111111111100000000000000111111111111111111111111111100000000000000
00000000000000000000011111111111111111100000000000001111111111111111111100000000000000111111111111111111111111111100000000000000
00000000000000000000111111111111111111100000000000000111111111111111111100000000000001111111111111111111111111111100000000000000
00000000000000000001111111111111111110000000000000000011111111111111111100000000000001111111111111111111111111111100000000000000
00000000000000000001111111111111111100000000000000000001111111111111111100000000000001111111111111111111111111111100000000000000
00000000000000000011111111111111111100000000000000000011111111111111111110000000000001111111111111111111111111111100000000000000
00000000000000001111111111111111111000000000000000000011111111111111111100000000000011111111111111111111111111111000000000000000
00000000000000001111111111111111111011111100000000000011111111111111111100000000000011111111111111111111111111111000000000000000
00000000000000001111111111111111111011111110000000001111111111111111111100000000000111111111111111111111111111111000000000000000
00000000000000001111111111111111111011111111111111111111111111111111111100000000000111111111111111111111111111111000000000000000
00000000000000011111111111111111110011111111111111111111111111111111111100000000001111111111111111111111111111111000000000000000
00000000000000011111111111111111110011111111111111111111111111111111111000000000001111111111111111111111111111111000000000000000
00000000000000011111111111111111110011111111111111111111111111111111111000000000011111111111111111111111111111111000000000000000
00000000000000111111111111111111110011111111111111111111111111111111100000000000111111111111111111111111111111111000000000000000
00000000000000111111111111111111110011111111111111111111111111111111000000000000111111111111111111111111111111111000000000000000
00000000000001111111111111111111110011111111111111111111111111111111000000000000111111111111111111111111111111111000000000000000
00000000000001111111111111111111100011111111111111111111111111111110000000000001111111111111111111111111111111110000000000000000
00000000000001111111111111111111100011111111111111111111111111111110000000000001111111111111111111111111111111110000000000000000
00000000000001111111111111111111110011111111111111111111111111111100000000000011111111111111111111111111111111110000000000000000
00000000000001111111111111111111110001111111111111111111111111111100000000000111111111111111111111111111111111100000000000000000
00000000000001111111111111111111110001111111111111111111111111111000000000000111111111111111111111111111111111100000000000000000
00000000000001111111111111111111111000111111111111111111111111111000000000000111111111111111111111111111111111100000000000000000
00000000000001111111111111111111111000111111111111111111111111110000000000001111111111111111111111111111111111000000000000000000
00000000000001111111111111111111111111111111111111111111111111100000000000011111111111111111111111111111111110000000000000000000
00000000000001111111111111111111111111111111111111111111111111000000000000111111111111111111111111111111111110000000000000000000
00000000000001111110111111111111111111111111111111111111111000000000000011111111111111111111111111111111111110000000000000000000
00000000000001111110111111111111111111111111111111111111110000000000000011111111111111111111111111111111111110000000000000000000
00000000000001111111111111111111111111111010000100000000000000000000000111111111111111111111111111111111111110000000000000000000
00000000000001111111111111111111111111111000000000000000000000000000011111111111111111111111111111111111111100000000000000000000
00000000000001111111111111111111111111111100000000000000000000000001111111111111111111111111111111111111111100000000000000000000
00000000000001111111111111111111111111111111100000000000000000000111111111111111111111111111111111111111111000000000000000000000
00000000000001111111111111111111111111111111111111111111111111111111111111111111111111111111111111111111111000000000000000000000
00000000000001111111111111111111111111111111111111111111111111111111111111111111111111111111111111111111110000000000000000000000
00000000000000111111111111111111111111111111111111111111111111111111111111111111111111111111111111111111100000000000000000000000
00000000000000111111111111111111111111111111111111111111111111111111111111111111111111111111111111111111100000000000000000000000
00000000000000011111111111111111111111111111111111111111111111111111111111111111111111111111111111111111000000000000000000000000
00000000000000011111111111111111111111111111111111111111111111111111111111111111111111111111111111111110000000000000000000000000
00000000000000001111111111111111111111111111111111111111111111111111111111111111111111111111111111111100000000000000000000000000
00000000000000001111111111111111111111111111111111111111111111111111111111111111111111111111111111111100000000000000000000000000
00000000000000000111111111111111111111111111111111111111111111111111111111111111111111111111111111110000000000000000000000000000
00000000000000000111111111111111111111111111111111111111111111111111111111111111111111111111111111110000000000000000000000000000
00000000000000000001111111111111111111111111111111111111111111111111111111111111111111111111111111100000000000000000000000000000
00000000000000000001111111111111111111111111111111111111111111111111111111111111111111111111111111000000000000000000000000000000
00000000000000000000111111111111111111111111111111111111111111111111111111111111111111111111111000000000000000000000000000000000
00000000000000000000001111111111111111111111111111111111111111111111111111111111111111111111110000000000000000000000000000000000
00000000000000000000001111111111111111111111111111111111111111111111111111111111111111111111000000000000000000000000000000000000
00000000000000000000000111111111111111111111111111111111111111111111111111111111111111111100000000000000000000000000000000000000
00000000000000000000000001111111111111111111111111111111111111111111111111111111111111111100000000000000000000000000000000000000
00000000000000000000000001111111111111111111111111111111111111111111111111111111111111100000000000000000000000000000000000000000
00000000000000000000000000011111111111111111111111111111111111111111111111111111111111100000000000000000000000000000000000000000
00000000000000000000000000000001111111111111111111111111111111111111111111111111111100000000000000000000000000000000000000000000
00000000000000000000000000000000011111111111111111111111111111111111111111111111100000000000000000000000000000000000000000000000
00000000000000000000000000000000000111111111111111111111111111111111111111111000000000000000000000000000000000000000000000000000
00000000000000000000000000000000000001111111111111111111111111111111111110000000000000000000000000000000000000000000000000000000
00000000000000000000000000000000000000001111111111111111111111111111100000000000000000000000000000000000000000000000000000000000
00000000000000000000000000000000000000000011111111111111111111101000000000000000000000000000000000000000000000000000000000000000
00000000000000000000000000000000000000000000001111111111111000000000000000000000000000000000000000000000000000000000000000000000
00000000000000000000000000000000000000000000000000000000000000000000000000000000000000000000000000000000000000000000000000000000
00000000000000000000000000000000000000000000000000000000000000000000000000000000000000000000000000000000000000000000000000000000
