00000000000000000000000000000000000000000000000000000000000000000000000000000000000000000000000000000000000000000000000000000000
00000000000000000000000000000000000000000000000000000000000000000000000000000000000000000000000000000000000000000000000000000000
00000000000000000000000000000000000000000000000000000000000000000000000000000000000000000000000000000000000000000000000000000000
00000000000000000000000000000000000000000000000000000000000000000000000000000000000000000000000000000000000000000000000000000000
00000000000000000000000000000000000000000000000000000000000000000000000000000000000000000000000000000000000000000000000000000000
00000000000000000000000000000000000000000000000000000000000000000000000000000000000000000000000000000000000000000000000000000000
00000000000000000000000000000000000000000000000000000000000000000000000000000000000000000000000000000000000000000000000000000000
00000000000000000000000000000000000000000000000000000000000000000000000000000000000000000000000000000000000000000000000000000000
00000000000000000000000000000000000000000000000000000000000000000000000000000000000000000000000000000000000000000000000000000000
00000000000000000000000000000000000000000000000000000000000000000000000000000000000000000000000000000000000000000000000000000000
00000000000000000000000000000000000000000000000000000000000000000000000000000000000000000000000000000000000000000000000000000000
00000000000000000000000000000000000000000000000000000000000000000000000000000000000000000000000000000000000000000000000000000000
00000000000000000000000100000011000000000000000000000000000000000000000000000000000000000000000000000000000000000000000000000000
00000000000000000011111111111111111000000000000000000000000000000000000000000000000000000000000000000000000000000000000000000000
00000000000000000011111111111111111111000000000000000000000000000000000000000000000000000000000000000000000000000000000000000000
00000000000000000111111111111111111111100000000000000000000000000000000000000000000000000000000000000000000000000000000000000000
00000000000000011111111111111111111111110000000000000000000000000000000000000000000000000000000000000000000000000000000000000000
00000000000000111111111111111111111111111100000000000000000000000000000000000000000000000000000000000000000000000000000000000000
00000000000001111111111111111111111111111111000000000000000000110000000000000000000000000000000000000000000000000000000000000000
00000000000011111111111111111111111111111111110000000000000111111111111111111111111111000000000000000000000000000000000000000000
00000000000011111111111111111111111111111111110000000000011111111111111111111111111111111110000000000000000000000000000000000000
00000000000111111111111111111111111111111111111100000001111111111111111111111111111111111111110000000000000000000000000000000000
00000000000111111111111111111111111111111111111111001111111111111111111111111111111111111111111111000000000000000000000000000000
00000000001111111111111111111111111111111111111111111111111111111111111111111111111111111111111111110000000000000000000000000000
00000000011111111111111111111111111111111111111111111111111111111111111111111111111111111111111111111110000000000000000000000000
00000000011111111111111111111111111111111111111111111111111111111111111111111111111111111111111111111111100000000000000000000000
00000000011111111111111111111111111111111111111111111111111111111111111111111111111111111111111111111111111000000000000000000000
00000000011111111111111111111111111111111111111111111111111111111111111111111111111111111111111111111111111110000000000000000000
00000000011111111111111111111111111111111111111111111111111111111111111111111111111111111111111111111111111111100000000000000000
00000000011111111111111111111111111111111111111111111111111111111111111111111111111111111111111111111111111111111000000000000000
00000000011111111111111111111111111111111111111111111111111111111111111111111111111111111111111111111111111111111110000000000000
00000000011111111111111111111111111111111111111111111111111111111111111111111111111111111111111111111111111111111110000000000000
00000000011111111111111111111111111111111111111111111111111111111111111111111111111111111111111111111111111111111111100000000000
00000000011111111111111111111111111111111111111111111111111111111111111111111111111111111111111111111111111111111111100000000000
00000000011111111111111111111111111111111111111111111111111111111111111111111111111111111111111111111111111111111111100000000000
00000000011111111111111111111111111111111111111111111111111111111111111111111111111111111111111111111111111111111111111000000000
00000000011111111111111111111111111111111111111111111111111111111111111111111111111111111111111111111111111111111111111000000000
00000000011111111111000000011111111111111111111111111111111111111111111111111111111111111111111111111111111111111111111000000000
00000000000011111100000000000111111111111111111111111111111111111111111111111111111111111111111111111111111111111111111000000000
00000000000000000000000000000001111111111111111111111111111111111111111111111111111111111111111111111111111111111111111100000000
00000000000000000000000000000000111111111111111111111111111111111111111111111111111111111111111111111111111111111111111100000000
00000000000000000000000000000000001111111111111111111111100010100000000000111111111111111111111111111111111111111111111110000000
00000000000000000000000000000000000111111111111111111111100000000000000000000011111111111111111111111111111111111111111110000000
00000000000000000000000000000000000001111111111111111111100000000000000000000000001111111111111111111111111111111111111110000000
00000000000000000000000000000000000000111111111111000000000000000000000000000000000011111111111111111111111111111111111110000000
00000000000000000000000000000000000000001111110000000000000000000000000000000000000000011111111111111111111111111111111110000000
00000000000000000000000000000000000000000000000000000000000000000000000000000000000000000111111111111111111111111111111111000000
00000000000000000000000000000000000000000000000000000000000000000000000000000000000000000000111111111111111111111111111111000000
00000000000000000000000000000000000000000000000000000000000000000000000000000000000000000000011111111111111111111111111111000000
00000000000000000000000000000000000000000000000000000000000000000000000000000000000000000000001111111111111111111111111111000000
00000000000000000000000000000000000000000000000000000000000000000000000000000000000000000000000111111111111111111111111111000000
00000000000000000000000000000000000000000000000000000000000000000000000000000000000000000000000011111111111111111111111111000000
00000000000000000000000000000000000000000000000000000000000000000000000000000000000000000000000011111111111111111111111111000000
00000000000000000000000000000000000000000000000000000000000000000000000000000000000000000000000011111111111111111111111111000000
00000000000000000000000000000000000000000000000000000000000000000000000000000000000000000000000011111111111111111111111111000000
00000000000000000000000000000000000000000000000000000000000000000000000000000000000000000000000011111111111111111111111111000000
00000000000000000000000000000000000000000000000000000000000000000000000000000000000000000000000011111111111111111111111110000000
00000000000000000000000000000000000000000000000000000000000000000000000000000000000000000000000011111111111111111111111110000000
00000000000000000000000000000000000000000000000000000000000000000000000000000000000000000000000111111111111111111111111110000000
00000000000000000000000000000000000000000000000000000000000000000000000000000000000000000000000111111111111111111111111110000000
00000000000000000000000000000000000000000000000000000000000000000000000000000000000000000000000111111111111111111111111100000000
00000000000000000000000000000000000000000000000000000000000000000000000000000000000000000000000111111111111111111111111100000000
00000000000000000000000000000000000000000000000000000000000000000000000000000000000000000000000111111111111111111111111100000000
00000000000000000000000000000000000000000000000000000000000000000000000000000000000000000000000111111111111111111111111100000000
00000000000000000000000000000000000000000000000000000000000000000000000000000000000000000000001111111111111111111111111000000000
00000000000000000000000000000000000000000000000000000000000000000000000000000000000000000000001111111111111111111111111000000000
00000000000000000000000000000000000000000000000000000000000000000000000000000000000000000000001111111111111111111111111000000000
00000000000000000000000000000000000000100010000000000000000000000000000000000000000000000000001111111111111111111111110000000000
00000000000000000000000000000111001111111111110000000000000000000000000000000000000000000000011111111111111111111111110000000000
00000000000000000000000000111111111111111111111000000000000000000000000000000000000000000000011111111111111111111111110000000000
00000000000000000000000011111111111111111111111110000000000000000000000000000000000000000000011111111111111111111111100000000000
00000000000000000000000111111111111111111111111111100000000000000000000000000000000000000000111111111111111111111111100000000000
00000000000000000000011111111111111111111111111111111000000000000000000000000000000000000000111111111111111111111111000000000000
00000000000000000000011111111111111111111111111111111100000000000000000000000000000000000001111111111111111111111111000000000000
00000000000000000000011111111111111111111111111111111100000000000000000000000000000000000001111111111111111111111111000000000000
00000000000000000000111111111111111111111111111111111110000000000000000000000000000000000001111111111111111111111110000000000000
00000000000000000001111111111111111111111111111111111110000000000000000000000000000000000001111111111111111111111110000000000000
00000000000000000011111111111111111111111111111111111111000000000000000000000000000000000011111111111111111111111100000000000000
00000000000000000011111111111111111111111111111111111111100000000000000000000000000000000111111111111111111111111100000000000000
00000000000000000011111111111111111111111111111111111111100000000000000000000000000000001111111111111111111111111100000000000000
00000000000000000111111111111111111111111111111111111111110000000000000000000000000000011111111111111111111111111000000000000000
00000000000000000111111111111111111111111111111111111111110000000000000000000000000000111111111111111111111111111000000000000000
00000000000000000111111111111111111111111111111111111111111000000000000000000000000011111111111111111111111111111000000000000000
00000000000000001111111111111111111111111111111111111111111000000000000000000000000011111111111111111111111111111000000000000000
00000000000000001111111111111111111110011111111111111111110000000000000000000000001111111111111111111111111111110000000000000000
00000000000000001111111111111111111110000111111111111111110000000000000000000000011111111111111111111111111111110000000000000000
00000000000000001111111111111111111100000011111111111111110000000000000000000000111111111111111111111111111111100000000000000000
00000000000000001111111111111111111110000111111111111111110000000000000000000001111111111111111111111111111111100000000000000000
00000000000000001111111111111111111111111111111111111111111000000000000000000111111111111111111111111111111111000000000000000000
00000000000000001111111111111111111111111111111111111111110000000000000000001111111111111111111111111111111110000000000000000000
00000000000000001111111111111111111111111111111111111111110000000000000000111111111111111111111111111111111110000000000000000000
00000000000000011111111111111111111111111111111111111111110000000000000001111111111111111111111111111111111100000000000000000000
00000000000000011111111111111111111111111111111111111111110000000000000111111111111111111111111111111111111000000000000000000000
00000000000000011111111111111111111111111111111111111111110000000000011111111111111111111111111111111111110000000000000000000000
00000000000000011111111111111111111111111111111111111111111111111111111111111111111111111111111111111111100000000000000000000000
00000000000000011111111111111111111111111111111111111111111111111111111111111111111111111111111111111111000000000000000000000000
00000000000000011111111111111111111111111111111111111111111111111111111111111111111111111111111111111110000000000000000000000000
00000000000000111111111111111111111111111111111111111111111111111111111111111111111111111111111111111100000000000000000000000000
00000000000000011111111111111111111111111111111111111111111111111111111111111111111111111111111111111100000000000000000000000000
00000000000000011111111111111111111111111111111111111111111111111111111111111111111111111111111111111000000000000000000000000000
00000000000000001111111111111111111111111111111111111111111111111111111111111111111111111111111111100000000000000000000000000000
00000000000000000111111111111111111111111111111111111111111111111111111111111111111111111111111111000000000000000000000000000000
00000000000000000111111111111111111111111111111111111111111111111111111111111111111111111111111110000000000000000000000000000000
00000000000000000111111111111111111111111111111111111111111111111111111111111111111111111111111100000000000000000000000000000000
00000000000000000011111111111111111111111111111111111111111111111111111111111111111111111111111100000000000000000000000000000000
00000000000000000011111111111111111111111111111111111111111111111111111111111111111111111111110000000000000000000000000000000000
00000000000000000001111111111111111111111111111111111111111111111111111111111111111111111111100000000000000000000000000000000000
00000000000000000001111111111111111111111111111111111111111111111111111111111111111111111111000000000000000000000000000000000000
00000000000000000000111111111111111111111111111111111111111111111111111111111111111111111110000000000000000000000000000000000000
00000000000000000000001111111111111111111111111111111111111111111111111111111111111111111000000000000000000000000000000000000000
00000000000000000000000111111111111111111111111111111111111111111111111111111111111111010000000000000000000000000000000000000000
00000000000000000000000001111111111111111111111111111111111111111111111111111111111000000000000000000000000000000000000000000000
00000000000000000000000000001111111111111111111111111111111111111111111111111110000000000000000000000000000000000000000000000000
00000000000000000000000000000111111111111111111111111111111111111111111111000000000000000000000000000000000000000000000000000000
00000000000000000000000000000000011111111111111111111111111111111111000000000000000000000000000000000000000000000000000000000000
00000000000000000000000000000000000000111111111111111111111111110000000000000000000000000000000000000000000000000000000000000000
00000000000000000000000000000000000000000110000110000000000000000000000000000000000000000000000000000000000000000000000000000000
00000000000000000000000000000000000000000000000000000000000000000000000000000000000000000000000000000000000000000000000000000000
00000000000000000000000000000000000000000000000000000000000000000000000000000000000000000000000000000000000000000000000000000000
00000000000000000000000000000000000000000000000000000000000000000000000000000000000000000000000000000000000000000000000000000000
00000000000000000000000000000000000000000000000000000000000000000000000000000000000000000000000000000000000000000000000000000000
00000000000000000000000000000000000000000000000000000000000000000000000000000000000000000000000000000000000000000000000000000000
00000000000000000000000000000000000000000000000000000000000000000000000000000000000000000000000000000000000000000000000000000000
00000000000000000000000000000000000000000000000000000000000000000000000000000000000000000000000000000000000000000000000000000000
00000000000000000000000000000000000000000000000000000000000000000000000000000000000000000000000000000000000000000000000000000000
00000000000000000000000000000000000000000000000000000000000000000000000000000000000000000000000000000000000000000000000000000000
00000000000000000000000000000000000000000000000000000000000000000000000000000000000000000000000000000000000000000000000000000000
00000000000000000000000000000000000000000000000000000000000000000000000000000000000000000000000000000000000000000000000000000000
