00000000000000000000000000000000000000000000000000000000000000000000000000000000000000000000000000000000000000000000000000000000
00000000000000000000000000000000000000000000000000000000000000000000000000000000000000000000000000000000000000000000000000000000
00000000000000000000000000000000000000000000000000000000000000000000000000000000000000000000000000000000000000000000000000000000
00000000000000000000000000000000000000000000000000000000000000000000000000000000000000000000000000000000000000000000000000000000
00000000000000000001000100000000000000000000000000000000000000000000000000000000000000000000000000000000000000000000000000000000
00000000000000001111111111100000000000000000000000000000000000000000000000000000000000000000000000000000000000000000000000000000
00000000000001111111111111111000000000000000000000000000000000000000000000000000000000000000000000000000000000000000000000000000
00000000000111111111111111111100000000000000000000000000000000000000000000000000000000000000000000000000000000000000000000000000
00000000011111111111111111111110000000000000000000000000000000000000000000000000000000000000000000000000000000000000000000000000
00000000011111111111111111111111100000000000000000000000000000000000000000000000000000000000000000000000000000000000000000000000
00001111111111111111111111111111100000000000000000000000000000000000000000000000000000000000000000000000000000000000000000000000
00111111111111111111111111111111100000000000000000000000000000000000000000000000000000000000000000000000000000000000000000000000
00111111111111111111111111111111110000000000000000000000000000000000000000000000000000000000000000000000000000000000000000000000
00111111111111111111111111111111110000000000000000000000000000000000000000000000000000000000000000000000000000000000000000000000
00111111111111111111111111111111110000000000000000000000000000000000000000000000000000000000000000000000000000000000000000000000
00111111111111111111111111111111111000000000000000000000000000000000000000000000000000000000000000000000000000000000000000000000
00111111111111111111111111111111111000000000000000000000000000000000000000000000000000000000000000000000000000000000000000000000
00111111111111111111111111111111111000000000000000000000000000000000000000000000000000000000000000000000000000000000000000000000
00111111111111111111111111111111111000000000000000000000000000000000000000000000000000000000000000000000000000000000000000000000
00111111111111111111111111111111111000000000000000000000000000000000000000000000000000000000000000000000000000000000000000000000
00000000111111111111111111111111111110000000000000000000000000000000000000000000000000000000000000000000000000000000000000000000
00000000011111111111111111111111111110000000000000000000000000000000000000000000000000000000000000000000000000000000000000000000
00000000011111111111111111111111111110000000000000000000000000000000000000000000000000000000000000000000000000000000000000000000
00000000001111111111111111111111111110000000000000000000000000000000000000000000000000000000000000000000000000000000000000000000
00000000001111111111111111111111111110000000000000000000000000000000000000000000000000000000000000000000000000000000000000000000
00000000000111111111111111111111111111000000000000000000000000000000000000000000000000000000000000000000000000000000000000000000
00000000000111111111111111111111111111000000000000000000000001111111111111111111000000000000000000000000000000000000000000000000
00000000000111111111111111111111111111000000000000000000111111111111111111111111111000000000000000000000000000000000000000000000
00000000000011111111111111111111111111100000000000001111111111111111111111111111111111100000000000000000000000000000000000000000
00000000000011111111111111111111111111100000000000111111111111111111111111111111111111111100000000000000000000000000000000000000
00000000000011111111111111111111111111100000001111111111111111111111111111111111111111111111000000000000000000000000000000000000
00000000000001111111111111111111111111110001111111111111111111111111111111111111111111111111111000000000000000000000000000000000
00000000000001111111111111111111111111111111111111111111111111111111111111111111111111111111111110000000000000000000000000000000
00000000000001111111111111111111111111111111111111111111111111111111111111111111111111111111111111000000000000000000000000000000
00000000000001111111111111111111111111111111111111111111111111111111111111111111111111111111111111110000000000000000000000000000
00000000000000111111111111111111111111111111111111111111111111111111111111111111111111111111111111111000000000000000000000000000
00000000000000111111111111111111111111111111111111111111111111111111111111111111111111111111111111111111000000000000000000000000
00000000000000111111111111111111111111111111111111111111111111111111111111111111111111111111111111111111000000000000000000000000
00000000000000111111111111111111111111111111111111111111111111111111111111111111111111111111111111111111000000000000000000000000
00000000000000011111111111111111111111111111111111111111111111111111111111111111111111111111111111111111100000000000000000000000
00000000000000011111111111111111111111111111111111111111111111111111111111111111111111111111111111111111110000000000000000000000
00000000000000001111111111111111111111111111111111111111111111111111111111111111111111111111111111111111111000000000000000000000
00000000000000000111111111111111111111111111111111111111111111111111111111111111111111111111111111111111111100000000000000000000
00000000000000000011111111111111111111111111111111111111111111111111111111111111111111111111111111111111111100000000000000000000
00000000000000000001111111111111111111111111111111111111111111111111111111111111111111111111111111111111111110000000000000000000
00000000000000000000111111111111111111111111111111111111111111111111111111111111111111111111111111111111111110000000000000000000
00000000000000000000011111111111111111111111111111111111111111111100000111111111111111111111111111111111111110000000000000000000
00000000000000000000011111111111111111111111111111111100000000000000000000011111111111111111111111111111111111000000000000000000
00000000000000000000001111111111111111111111111100000000000000000000000000000011111111111111111111111111111111000000000000000000
00000000000000000000000111111111111111111111100000000000000000000000000000000000111111111111111111111111111111000000000000000000
00000000000000000000000011111111111111111110000000000000000000000000000000000000000111111111111111111111111111100000000000000000
00000000000000000000000000000001011000010000000000000000000000000000000000000000000111111111111111111111111111100000000000000000
00000000000000000000000000000000000000000000000000000000000000000000000000000000000011111111111111111111111111100000000000000000
00000000000000000000000000000000000000000000000000000000000000000000000000000000000001111111111111111111111111100000000000000000
00000000000000000000000000000000000000000000000000000000000000000000000000000000000001111111111111111111111111100000000000000000
00000000000000000000000000000000000000000000000000000000000000000000000000000000000000111111111111111111111111100000000000000000
00000000000000000000000000000000000000000000000000000000000000000000000000000000000000011111111111111111111111100000000000000000
00000000000000000000000000000000000000000000000000000000000000000000000000000000000000011111111111111111111111100000000000000000
00000000000000000000000000000000000000000000000000000000000000000000000000000000000000011111111111111111111111110000000000000000
00000000000000000000000000000000000000000000000000000000000000000000000000000000000000001111111111111111111111110000000000000000
00000000000000000000000000000000000000000000000000000000000000000000000000000000000000001111111111111111111111110000000000000000
00000000000000000000000000000000000000111110000000000000000000000000000000000000000000001111111111111111111111110000000000000000
00000000000000000000000000000000001111111111111000000000000000000000000000000000000000001111111111111111111111110000000000000000
00000000000000000000000000000001111111111111111111000000000000000000000000000000000000001111111111111111111111110000000000000000
00000000000000000000000000000011111111111111111111110000000000000000000000000000000000001111111111111111111111110000000000000000
00000000000000000000000000001111111111111111111111111000000000000000000000000000000000000111111111111111111111110000000000000000
00000000000000000000000000111111111111111111111111111000000000000000000000000000000000000111111111111111111111110000000000000000
00000000000000000000000111111111111111111111111111111000000000000000000000000000000000000111111111111111111111110000000000000000
00000000000000000000001111111111111111111111111111111000000000000000000000000000000000000111111111111111111111110000000000000000
00000000000000000000011111111111111111111111111111111000000000000000000000000000000000000011111111111111111111110000000000000000
00000000000000000000111111111111111111111111111111111000000000000000000000000000000000000011111111111111111111110000000000000000
00000000000000000000111111111111111111111111111111111000000000000000000000000000000000000011111111111111111111110000000000000000
00000000000000000000111111111111111111111111111111111100000000000000000000000000000000000011111111111111111111110000000000000000
00000000000000000001111111111111111111111111111111111000000000000000000000000000000000000011111111111111111111110000000000000000
00000000000000000001111111111111111111111111111111111000000000000000000000000000000000000011111111111111111111110000000000000000
00000000000000000011111111111111111111111111111111111000000000000000000000000000000000000011111111111111111111110000000000000000
00000000000000000011111111111111111111111111111111111000000000000000000000000000000000000111111111111111111111110000000000000000
00000000000000000011111111111111111111111111111111111000000000000000000000000000000000000111111111111111111111110000000000000000
00000000000000000011111111111111111111111111111111110000000000000000000000000000000000000111111111111111111111100000000000000000
00000000000000000111111111111111111111111111111111110000000000000000000000000000000000001111111111111111111111100000000000000000
00000000000000000011111111111111111111111111111111110000000000000000000000000000000000001111111111111111111111100000000000000000
00000000000000000011111111111111111111111111111111100000000000000000000000000000000000001111111111111111111111100000000000000000
00000000000000000111111111111111111111111111111110000000000000000000000000000000000000001111111111111111111111100000000000000000
00000000000000000011111111111111110000011111111110000000000000000000000000000000000000001111111111111111111111100000000000000000
00000000000000000011111111111111100000000000000000000000000000000000000000000000000000001111111111111111111111000000000000000000
00000000000000000011111111111111100000000000000000000000000000000000000000000000000000001111111111111111111111000000000000000000
00000000000000000011111111111111000000000000000000000000000000000000000000000000000000001111111111111111111111000000000000000000
00000000000000000111111111111111000000000000000000000000000000000000000000000000000000001111111111111111111111000000000000000000
00000000000000000011111111111111000000000000000000000000000000000000000000000000000000011111111111111111111110000000000000000000
00000000000000000011111111111110000000000000000000000000000000000000000000000000000000011111111111111111111110000000000000000000
00000000000000000011111111111110000000000000000000000000000000000000000000000000000000011111111111111111111110000000000000000000
00000000000000000011111111111111000000000000000000000000000000000000000000000000000001111111111111111111111100000000000000000000
00000000000000000011111111111111100000000000000000000000000000000000000000000000000001111111111111111111111100000000000000000000
00000000000000000011111111111111111000000000000000000000000000000000000000000000000011111111111111111111111000000000000000000000
00000000000000000011111111111111111110000000000000000000000000000000000000000000001111111111111111111111110000000000000000000000
00000000000000000001111111111111111111100000000000000000000000000000000000000000111111111111111111111111100000000000000000000000
00000000000000000001111111111111111111111110000000000000000000000000000000000001111111111111111111111111100000000000000000000000
00000000000000000001111111111111111111111111100000000000000000000000000000001111111111111111111111111111000000000000000000000000
00000000000000000001111111111111111111111111111100000000000000000000000001111111111111111111111111111111000000000000000000000000
00000000000000000000111111111111111111111111111111111111111111111000001111111111111111111111111111111110000000000000000000000000
00000000000000000000111111111111111111111111111111111111111111111111111111111111111111111111111111111000000000000000000000000000
00000000000000000000111111111111111111111111111111111111111111111111111111111111111111111111111111111000000000000000000000000000
00000000000000000000111111111111111111111111111111111111111111111111111111111111111111111111111111110000000000000000000000000000
00000000000000000000011111111111111111111111111111111111111111111111111111111111111111111111111111100000000000000000000000000000
00000000000000000000011111111111111111111111111111111111111111111111111111111111111111111111111111100000000000000000000000000000
00000000000000000000001111111111111111111111111111111111111111111111111111111111111111111111111111000000000000000000000000000000
00000000000000000000001111111111111111111111111111111111111111111111111111111111111111111111111110000000000000000000000000000000
00000000000000000000000111111111111111111111111111111111111111111111111111111111111111111111111100000000000000000000000000000000
00000000000000000000000011111111111111111111111111111111111111111111111111111111111111111111111000000000000000000000000000000000
00000000000000000000000000111111111111111111111111111111111111111111111111111111111111111111111000000000000000000000000000000000
00000000000000000000000000011111111111111111111111111111111111111111111111111111111111111111100000000000000000000000000000000000
00000000000000000000000000001111111111111111111111111111111111111111111111111111111111111111000000000000000000000000000000000000
00000000000000000000000000001111111111111111111111111111111111111111111111111111111111111000000000000000000000000000000000000000
00000000000000000000000000000111111111111111111111111111111111111111111111111111111111111000000000000000000000000000000000000000
00000000000000000000000000000011111111111111111111111111111111111111111111111111111111000000000000000000000000000000000000000000
00000000000000000000000000000001111111111111111111111111111111111111111111111111111100000000000000000000000000000000000000000000
00000000000000000000000000000000111111111111111111111111111111111111111111111111100000000000000000000000000000000000000000000000
00000000000000000000000000000000011111111111111111111111111111111111111111111000000000000000000000000000000000000000000000000000
00000000000000000000000000000000001111111111111111111111111111111111111111110000000000000000000000000000000000000000000000000000
00000000000000000000000000000000000011111111111111111111111111111111111111000000000000000000000000000000000000000000000000000000
00000000000000000000000000000000000000001111111111111111111111111111111000000000000000000000000000000000000000000000000000000000
00000000000000000000000000000000000000000000001111111111111111111100000000000000000000000000000000000000000000000000000000000000
00000000000000000000000000000000000000000000000000000000000000000000000000000000000000000000000000000000000000000000000000000000
00000000000000000000000000000000000000000000000000000000000000000000000000000000000000000000000000000000000000000000000000000000
00000000000000000000000000000000000000000000000000000000000000000000000000000000000000000000000000000000000000000000000000000000
00000000000000000000000000000000000000000000000000000000000000000000000000000000000000000000000000000000000000000000000000000000
00000000000000000000000000000000000000000000000000000000000000000000000000000000000000000000000000000000000000000000000000000000
00000000000000000000000000000000000000000000000000000000000000000000000000000000000000000000000000000000000000000000000000000000
