00000000000000000000000000000000000000000000000000000000000000000000000000000000000000000000000000000000000000000000000000000000
00000000000000000000000000000000000000000000000000000000000000000000000000000000000000000000000000000000000000000000000000000000
00000000000000000000000000000000000000000000000000000000000000000000000000000000000000000000000000000000000000000000000000000000
00000000000000000000000000000000000000000000000000000000000000000000000000000000000000000000000000000000000000000000000000000000
00000000000000000000000000000000000000000000000000000000000000000000000000000000000000000000000000000000000000000000000000000000
00000000000000000000000000000000000000000000000000000000000000000000000000000000000000000000000000000000000000000000000000000000
00000000000000000000000000000000000000000000000000000000000000000000000000000000000000000000000000000000000000000000000000000000
00000000000000000000000000000000000000000000000000000000000000000000000000000000000000000000000000000000000000000000000000000000
00000000000000000111111111111111000000000000000000000000000000000000000000000000000000000000000000000000000000000000000000000000
00000000011111111111111111111111110000000000000000000000000000000000000000000000000000000000000000000000000000000000000000000000
00000000111111111111111111111111111000000000000000000000000000000000000000000000000000000000000000000000000000000000000000000000
00000001111111111111111111111111111100000000000000000000000000000000000000000000000000000000000000000000000000000000000000000000
00000011111111111111111111111111111110000000000000000000000000000000000000000000000000000000000000000000000000000000000000000000
00000111111111111111111111111111111111000000000000000000000000000000000000000000000000000000000000000000000000000000000000000000
00000111111111111111111111111111111111000000000000000000000000000000000000000000000000000000000000000000000000000000000000000000
00001111111111111111111111111111111111000000000000000000000000000000000000000000000000000000000000000000000000000000000000000000
00011111111111111111111111111111111111100000000000000000000000000000000000000000000000000000000000000000000000000000000000000000
00011111111111111111111111111111111111100000000000000000000000000000000000000000000000000000000000000000000000000000000000000000
00011111111111111111111111111111111111100000000000000000000000000000000000000000000000000000000000000000000000000000000000000000
00111111111111111111111111111111111111100000000000000000000000000000000000000000000000000000000000000000000000000000000000000000
00111111111111111111111111111111111111100000000000000000000000000000000000000000000000000000000000000000000000000000000000000000
00111111111111111111111111111111111111100000000000000000000000000000000000000000000000000000000000000000000000000000000000000000
00111111111111111111111111111111111111100000000000000000000000000000000000000000000000000000000000000000000000000000000000000000
00111111111111111111111111111111111111100000000000000000000000000000000000000000000000000000000000000000000000000000000000000000
00011111111111111111111111111111111111110000000000000000000000000000000000000000000000000000000000000000000000000000000000000000
00000011111111111111111111111111111111110000000000000000000000000000000000000000000000000000000000000000000000000000000000000000
00000001111111111111111111111111111111110000000000000000000000000000000000000000000000000000000000000000000000000000000000000000
00000000000000000011111111111111111111111111111111111111111111100000000000000000000000000000000000000000000000000000000000000000
00000000000000000000111111111111111111111111111111111111111111111110000000000000000000000000000000000000000000000000000000000000
00000000000000000000001111111111111111111111111111111111111111111111110000000000000000000000000000000000000000000000000000000000
00000000000000000000000011111111111111111111111111111111111111111111111100000000000000000000000000000000000000000000000000000000
00000000000000000000000011111111111111111111111111111111111111111111111111100000000000000000000000000000000000000000000000000000
00000000000000000000000001111111111111111111111111111111111111111111111111111100000000000000000000000000000000000000000000000000
00000000000000000000000001111111111111111111111111111111111111111111111111111110000000000000000000000000000000000000000000000000
00000000000000000000000001111111111111111111111111111111111111111111111111111111000000000000000000000000000000000000000000000000
00000000000000000000000011111111111111111111111111111111111111111111111111111111100000000000000000000000000000000000000000000000
00000000000000000000000011111111111111111111111111111111111111111111111111111111100000000000000000000000000000000000000000000000
00000000000000000000000011111111111111111111111111111111111111111111111111111111111000000000000000000000000000000000000000000000
00000000000000000000000111111111111111111111111111111111111111111111111111111111111111100000000000000000000000000000000000000000
00000000000000000000000111111111111111111111111111111111111111111111111111111111111111110000000000000000000000000000000000000000
00000000000000000000000111111111111111111111111111111111111111111111111111111111111111111100000000000000000000000000000000000000
00000000000000000000001111111111111111111111111111111111111111111111111111111111111111111110000000000000000000000000000000000000
00000000000000000000001111111111111111111111111111111111111111111111111111111111111111111111100000000000000000000000000000000000
00000000000000000000001111111111111111111111111111111111111111111111111111111111111111111111111000000000000000000000000000000000
00000000000000000000011111111111111111111111111111111111111111111111111111111111111111111111111100000000000000000000000000000000
00000000000000000000011111111111111111111111111111111111111111111111111111111111111111111111111110000000000000000000000000000000
00000000000000000000011111111111111111111111111111111111111111111111111111111111111111111111111111100000000000000000000000000000
00000000000000000000011111111111111111111111111111111111111111111111111111111111111111111111111111100000000000000000000000000000
00000000000000000000011111111111111111111111111111111111111111111111111111111111111111111111111111111000000000000000000000000000
00000000000000000000011111111111111111111111111111111111111111111111111111111111111111111111111111111000000000000000000000000000
00000000000000000000011111111111111111111111111111111111111111111111111111111111111111111111111111111100000000000000000000000000
00000000000000000000011111111111111111111111111111111111111111111111111111111111111111111111111111111110000000000000000000000000
00000000000000000000000000000000000011111111111111111111111111111111111111111111111111111111111111111110000000000000000000000000
00000000000000000000000000000000000000000000000000000000000011111111111111111111111111111111111111111111000000000000000000000000
00000000000000000000000000000000000000000000000000000000000001111111111111111111111111111111111111111111100000000000000000000000
00000000000000000000000000000000000000000000000000000000000000011111111111111111111111111111111111111111100000000000000000000000
00000000000000000000000000000000000000000000000000000000000000000111111111111111111111111111111111111111100000000000000000000000
00000000000000000000000000000000000000000000000000000000000000000001111111111111111111111111111111111111110000000000000000000000
00000000000000000000000000000000000000000000000000000000000000000000111111111111111111111111111111111111110000000000000000000000
00000000000000000000000000000000000000000000000000000000000000000000001111111111111111111111111111111111100000000000000000000000
00000000000000000000000000000000000000000000000000000000000000000000000011111111111111111111111111111111100000000000000000000000
00000000000000000000000000000000000000000000000000000000000000000000000011111111111111111111111111111111110000000000000000000000
00000000000000000000000000000000000000000000000000000000000000000000000001111111111111111111111111111111110000000000000000000000
00000000000000000000011111111111111110000000000000000000000000000000000001111111111111111111111111111111111000000000000000000000
00000000000000000011111111111111111111111000000000000000000000000000000001111111111111111111111111111111111000000000000000000000
00000000000000000111111111111111111111111111000000000000000000000000000000111111111111111111111111111111111000000000000000000000
00000000000000001111111111111111111111111111100000000000000000000000000000111111111111111111111111111111111000000000000000000000
00000000000000111111111111111111111111111111110000000000000000000000000000011111111111111111111111111111111000000000000000000000
00000000000000111111111111111111111111111111110000000000000000000000000000011111111111111111111111111111111000000000000000000000
00000000000011111111111111111111111111111111111000000000000000000000000000011111111111111111111111111111111000000000000000000000
00000000000011111111111111111111111111111111111000000000000000000000000000011111111111111111111111111111111000000000000000000000
00000000000111111111111111111111111111111111111100000000000000000000000000011111111111111111111111111111111000000000000000000000
00000000111111111111111111111111111111111111111110000000000000000000000000001111111111111111111111111111111000000000000000000000
00000000111111111111111111111111111111111111111111000000000000000000000000001111111111111111111111111111110000000000000000000000
00000000111111111111111111111111111111111111111111000000000000000000000000001111111111111111111111111111110000000000000000000000
00000001111111111111111111111111111111111111111111000000000000000000000000001111111111111111111111111111110000000000000000000000
00000001111111111111111111111111111111111111111111000000000000000000000000001111111111111111111111111111100000000000000000000000
00000011111111111111111111000011111111111111111111000000000000000000000000001111111111111111111111111111100000000000000000000000
00000011111111111111111110000011111111111111111111000000000000000000000000001111111111111111111111111111100000000000000000000000
00000111111111111111111100000011111111111111111111000000000000000000000000001111111111111111111111111111000000000000000000000000
00000111111111111111111100001111111111111111111111000000000000000000000000001111111111111111111111111111000000000000000000000000
00001111111111111111111100001111111111111111111110000000000000000000000000011111111111111111111111111111000000000000000000000000
00001111111111111111111000001111111111111111111110000000000000000000000000011111111111111111111111111111000000000000000000000000
00001111111111111111111000001111111111111111111100000000000000000000000000011111111111111111111111111110000000000000000000000000
00011111111111111111110000001111111111111111111100000000000000000000000000111111111111111111111111111110000000000000000000000000
00011111111111111111110000011111111111111111111100000000000000000000000000111111111111111111111111111100000000000000000000000000
00011111111111111111110000011111111111111111111000000000000000000000000000111111111111111111111111111100000000000000000000000000
00011111111111111111110000011111111111111111111000000000000000000000000000111111111111111111111111111100000000000000000000000000
00011111111111111111110000001111111111111111110000000000000000000000000001111111111111111111111111111000000000000000000000000000
00011111111111111111110000001111111111111111110000000000000000000000000001111111111111111111111111111000000000000000000000000000
00011111111111111111110000001111111111111111100000000000000000000000000001111111111111111111111111110000000000000000000000000000
00011111111111111111111000001111111111111111000000000000000000000000000011111111111111111111111111110000000000000000000000000000
00011111111111111111111000001111111111111110000000000000000000000000000011111111111111111111111111100000000000000000000000000000
00011111111111111111111000000011111111111000000000000000000000000000000111111111111111111111111111100000000000000000000000000000
00011111111111111111111100000000000000000000000000000000000000000000000111111111111111111111111111000000000000000000000000000000
00011111111111111111111100000000000000000000000000000000000000000000000111111111111111111111111111000000000000000000000000000000
00011111111111111111111111100000000000000000000000000000000000000000001111111111111111111111111110000000000000000000000000000000
00011111111111111111111111100000000000000000000000000000000000000000011111111111111111111111111110000000000000000000000000000000
00011111111111111111111111111000000000000000000000000000000000000000111111111111111111111111111110000000000000000000000000000000
00011111111111111111111111111111000000000000000000000000000000000000111111111111111111111111111100000000000000000000000000000000
00011111111111111111111111111111000000000000000000000000000000000011111111111111111111111111111100000000000000000000000000000000
00001111111111111111111111111111111100000000000000000000000000001111111111111111111111111111111000000000000000000000000000000000
00001111111111111111111111111111111111110000000000000000000001111111111111111111111111111111110000000000000000000000000000000000
00000111111111111111111111111111111111111111111111111111111111111111111111111111111111111111100000000000000000000000000000000000
00000011111111111111111111111111111111111111111111111111111111111111111111111111111111111111000000000000000000000000000000000000
00000011111111111111111111111111111111111111111111111111111111111111111111111111111111111111000000000000000000000000000000000000
00000011111111111111111111111111111111111111111111111111111111111111111111111111111111111110000000000000000000000000000000000000
00000001111111111111111111111111111111111111111111111111111111111111111111111111111111111100000000000000000000000000000000000000
00000000111111111111111111111111111111111111111111111111111111111111111111111111111111111000000000000000000000000000000000000000
00000000111111111111111111111111111111111111111111111111111111111111111111111111111111110000000000000000000000000000000000000000
00000000111111111111111111111111111111111111111111111111111111111111111111111111111111110000000000000000000000000000000000000000
00000000011111111111111111111111111111111111111111111111111111111111111111111111111111100000000000000000000000000000000000000000
00000000000111111111111111111111111111111111111111111111111111111111111111111111111111000000000000000000000000000000000000000000
00000000000111111111111111111111111111111111111111111111111111111111111111111111111111000000000000000000000000000000000000000000
00000000000111111111111111111111111111111111111111111111111111111111111111111111111000000000000000000000000000000000000000000000
00000000000000111111111111111111111111111111111111111111111111111111111111111111110000000000000000000000000000000000000000000000
00000000000000011111111111111111111111111111111111111111111111111111111111111111000000000000000000000000000000000000000000000000
00000000000000001111111111111111111111111111111111111111111111111111111111111000000000000000000000000000000000000000000000000000
00000000000000000011111111111111111111111111111111111111111111111111111111100000000000000000000000000000000000000000000000000000
00000000000000000000001111111111111111111111111111111111111111111111111110000000000000000000000000000000000000000000000000000000
00000000000000000000000111111111111111111111111111111111111111111111110000000000000000000000000000000000000000000000000000000000
00000000000000000000000001111111111111111111111111111111111111111111000000000000000000000000000000000000000000000000000000000000
00000000000000000000000000111111111111111111111111111111111111111000000000000000000000000000000000000000000000000000000000000000
00000000000000000000000000011111111111111111111111111111111111100000000000000000000000000000000000000000000000000000000000000000
00000000000000000000000000000111111111111111111111111111110000000000000000000000000000000000000000000000000000000000000000000000
00000000000000000000000000000000000111111111111111111111100000000000000000000000000000000000000000000000000000000000000000000000
00000000000000000000000000000000000000000001000000000000000000000000000000000000000000000000000000000000000000000000000000000000
00000000000000000000000000000000000000000000000000000000000000000000000000000000000000000000000000000000000000000000000000000000
