00000000000000000000000000000000000000000000000000000000000000000000000000000000000000000000000000000000000000000000000000000000
00000000000000000000000000000000000000000000000000000000000000000000000000000000000000000000000000000000000000000000000000000000
00000000000000000000000000000000000000000000000000000000000000000000000000000000000000000000000000000000000000000000000000000000
00000000000000000000000000000000000000000000000000000000000000000000000000000000000000000000000000000000000000000000000000000000
00000000000000000000000000000000000000000000000000000000000000000000000000000000000000000000000000000000000000000000000000000000
00000000000000000000000000000000000000000000000000000000000000000000000000000000000000000000000000000000000000000000000000000000
00000000000000000000000000000000000000000000000000000000000000000000000000000000000000000000000000000000000000000000000000000000
00000000000000000000000000000000000000000000000000000000000000000000000000000000000000000000000000000000000000000000000000000000
00000000000000000000000000000000000000000000000000000000000000000000000000000000000000000000000000000000000000000000000000000000
00000000000000000000000111000000000000000000000000000000000000000000000000000000000000000000000000000000000000000000000000000000
00000000000000000011111111111111100000000000000000000000000000000000000000000000000000000000000000000000000000000000000000000000
00000000000000011111111111111111111000000000000000000000000000000000000000000000000000000000000000000000000000000000000000000000
00000000000001111111111111111111111100000000000000000000000000000000000000000000000000000000000000000000000000000000000000000000
00000000000011111111111111111111111110000000000000000000000000000000000000000000000000000000000000000000000000000000000000000000
00000000000111111111111111111111111111100000000000000000000000000000000000000000000000000000000000000000000000000000000000000000
00000000001111111111111111111111111111100000000000000000000000000000000000000000000000000000000000000000000000000000000000000000
00000000111111111111111111111111111111110000000000000000000000000000000000000000000000000000000000000000000000000000000000000000
00000000111111111111111111111111111111111000000000000000000000000000000000000000000000000000000000000000000000000000000000000000
00000000111111111111111111111111111111111100000000000000000000000000000000000000000000000000000000000000000000000000000000000000
00000000111111111111111111111111111111111110000000000000000000000000000000000000000000000000000000000000000000000000000000000000
00000000111111111111111111111111111111111110000000000000000000000000000000000000000000000000000000000000000000000000000000000000
00000000111111111111111111111111111111111111000000000000011111111111111100000000000000000000000000000000000000000000000000000000
00000000111111111111111111111111111111111111110000000111111111111111111111110000000000000000000000000000000000000000000000000000
00000000011111111111111111111111111111111111110000111111111111111111111111111111110000000000000000000000000000000000000000000000
00000000011111111111111111111111111111111111111111111111111111111111111111111111111111100000000000000000000000000000000000000000
00000000011111111111111111111111111111111111111111111111111111111111111111111111111111110000000000000000000000000000000000000000
00000000000000111111111111111111111111111111111111111111111111111111111111111111111111111110000000000000000000000000000000000000
00000000000000011111111111111111111111111111111111111111111111111111111111111111111111111111100000000000000000000000000000000000
00000000000000001111111111111111111111111111111111111111111111111111111111111111111111111111111000000000000000000000000000000000
00000000000000000011111111111111111111111111111111111111111111111111111111111111111111111111111100000000000000000000000000000000
00000000000000000001111111111111111111111111111111111111111111111111111111111111111111111111111110000000000000000000000000000000
00000000000000000000111111111111111111111111111111111111111111111111111111111111111111111111111111100000000000000000000000000000
00000000000000000000011111111111111111111111111111111111111111111111111111111111111111111111111111110000000000000000000000000000
00000000000000000000011111111111111111111111111111111111111111111111111111111111111111111111111111111000000000000000000000000000
00000000000000000000001111111111111111111111111111111111111111111111111111111111111111111111111111111100000000000000000000000000
00000000000000000000000111111111111111111111111111111111111111111111111111111111111111111111111111111110000000000000000000000000
00000000000000000000000111111111111111111111111111111111111111111111111111111111111111111111111111111111000000000000000000000000
00000000000000000000000011111111111111111111111111111111111111111111111111111111111111111111111111111111100000000000000000000000
00000000000000000000000011111111111111111111111111111111111111111111111111111111111111111111111111111111111000000000000000000000
00000000000000000000000001111111111111111111111111111111111111111111111111111111111111111111111111111111111100000000000000000000
00000000000000000000000000111111111111111111111111111111111111111111111111111111111111111111111111111111111100000000000000000000
00000000000000000000000000011111111111111111111111111111111111111111111111111111111111111111111111111111111111100000000000000000
00000000000000000000000000001111111111111111100000000000000000000000000111111111111111111111111111111111111111100000000000000000
00000000000000000000000000000111111111111111000000000000000000000000000000011111111111111111111111111111111111110000000000000000
00000000000000000000000000000111111111111000000000000000000000000000000000000001111111111111111111111111111111111000000000000000
00000000000000000000000000000000000000000000000000000000000000000000000000000000011111111111111111111111111111111100000000000000
00000000000000000000000000000000000000000000000000000000000000000000000000000000000111111111111111111111111111111100000000000000
00000000000000000000000000000000000000000000000000000000000000000000000000000000000011111111111111111111111111111110000000000000
00000000000000000000000000000000000000000000000000000000000000000000000000000000000001111111111111111111111111111111000000000000
00000000000000000000000000000000000000000000000000000000000000000000000000000000000000011111111111111111111111111111100000000000
00000000000000000000000000000000000000000000000000000000000000000000000000000000000000001111111111111111111111111111100000000000
00000000000000000000000000000000000000000000000000000000000000000000000000000000000000000011111111111111111111111111110000000000
00000000000000000000000000000000000000000000000000000000000000000000000000000000000000000001111111111111111111111111110000000000
00000000000000000000000000000000000000000000000000000000000000000000000000000000000000000000111111111111111111111111111100000000
00000000000000000000000000000000000011111111111000000000000000000000000000000000000000000000111111111111111111111111111100000000
00000000000000000000000000010000111111111111111110000000000000000000000000000000000000000000111111111111111111111111111100000000
00000000000000000000001111111111111111111111111111111100000000000000000000000000000000000000011111111111111111111111111110000000
00000000000000000000111111111111111111111111111111111100000000000000000000000000000000000000011111111111111111111111111110000000
00000000000000000001111111111111111111111111111111111100000000000000000000000000000000000000001111111111111111111111111111000000
00000000000000000001111111111111111111111111111111111100000000000000000000000000000000000000001111111111111111111111111110000000
00000000000000001111111111111111111111111111111111111110000000000000000000000000000000000000001111111111111111111111111110000000
00000000000000001111111111111111111111111111111111111111100000000000000000000000000000000000001111111111111111111111111111000000
00000000000000001111111111011111111111111111111111111111100000000000000000000000000000000000001111111111111111111111111111000000
00000000000000011111111100111111111111111111111111111111110000000000000000000000000000000000001111111111111111111111111111000000
00000000000000001111111111111111111111111111111111111111111100000000000000000000000000000000001111111111111111111111111111000000
00000000000000011111111111111111111111111111111111111111111100000000000000000000000000000000001111111111111111111111111111000000
00000000000000111111111111111111111111111111111111111111111100000000000000000000000000000000001111111111111111111111111111000000
00000000000000111111111111111111111111111111111111111111111100000000000000000000000000000000000111111111111111111111111111000000
00000000000000111111111111111111111111111111111111111111111100000000000000000000000000000000000111111111111111111111111110000000
00000000000001111111111111111111111111111111111111111111111100000000000000000000000000000000000111111111111111111111111111000000
00000000000001111111111111111111111111111111111111111111111100000000000000000000000000000000000111111111111111111111111110000000
00000000000011111111111111111111111111111111111111111111111100000000000000000000000000000000000111111111111111111111111110000000
00000000000011111111111111111111110111111111111111111111111100000000000000000000000000000000000111111111111111111111111110000000
00000000000111111111111111111111000111111111111111111111111100000000000000000000000000000000000111111111111111111111111110000000
00000000000111111111111111111111000011111111111111111111111100000000000000000000000000000000001111111111111111111111111110000000
00000000000111111111111111111111000000111111111111111111111000000000000000000000000000000000001111111111111111111111111110000000
00000000001111111111111111111111000000011111111111111111110000000000000000000000000000000000001111111111111111111111111110000000
00000000001111111111111111111111000000000111111111111111100000000000000000000000000000000000011111111111111111111111111110000000
00000000001111111111111111111111000000000001111111111111000000000000000000000000000000000000011111111111111111111111111110000000
00000000011111111111111111111111100000000000000001000100000000000000000000000000000000000000111111111111111111111111111110000000
00000000001111111111111111111111110000000000000000000000000000000000000000000000000000000001111111111111111111111111111111000000
00000000011111111111111111111111111000000000000000000000000000000000000000000000000000000011111111111111111111111111111110000000
00000000001111111111111111111111111100000000000000000000000000000000000000000000000000000111111111111111111111111111111110000000
00000000001111111111111111111111111111000000000000000000000000000000000000000000000000001111111111111111111111111111111100000000
00000000001111111111111111111111111111100000000000000000000000000000000000000000000000111111111111111111111111111111111000000000
00000000001111111111111111111111111111111000000000000000000000000000000000000000000001111111111111111111111111111111111000000000
00000000001111111111111111111111111111111111000000000000000000000000000000000000000011111111111111111111111111111111111000000000
00000000011111111111111111111111111111111111110000000000000000000000000000000000000111111111111111111111111111111111110000000000
00000000011111111111111111111111111111111111111100000000000000000000000000000000001111111111111111111111111111111111110000000000
00000000001111111111111111111111111111111111111111100000000000000000000000000000111111111111111111111111111111111111100000000000
00000000001111111111111111111111111111111111111111111100000000000000000000000001111111111111111111111111111111111111000000000000
00000000000111111111111111111111111111111111111111111111110000000000000000001111111111111111111111111111111111111111000000000000
00000000000111111111111111111111111111111111111111111111111111000000000111111111111111111111111111111111111111111110000000000000
00000000000011111111111111111111111111111111111111111111111111111111111111111111111111111111111111111111111111111110000000000000
00000000000001111111111111111111111111111111111111111111111111111111111111111111111111111111111111111111111111111100000000000000
00000000000001111111111111111111111111111111111111111111111111111111111111111111111111111111111111111111111111111100000000000000
00000000000000111111111111111111111111111111111111111111111111111111111111111111111111111111111111111111111111111000000000000000
00000000000000111111111111111111111111111111111111111111111111111111111111111111111111111111111111111111111111110000000000000000
00000000000000011111111111111111111111111111111111111111111111111111111111111111111111111111111111111111111111110000000000000000
00000000000000011111111111111111111111111111111111111111111111111111111111111111111111111111111111111111111111100000000000000000
00000000000000011111111111111111111111111111111111111111111111111111111111111111111111111111111111111111111111100000000000000000
00000000000000011111111111111111111111111111111111111111111111111111111111111111111111111111111111111111111111000000000000000000
00000000000000001111111111111111111111111111111111111111111111111111111111111111111111111111111111111111111000000000000000000000
00000000000000001111111111111111111111111111111111111111111111111111111111111111111111111111111111111111110000000000000000000000
00000000000000000011111111111111111111111111111111111111111111111111111111111111111111111111111111111111110000000000000000000000
00000000000000000001111111111111111111111111111111111111111111111111111111111111111111111111111111111111100000000000000000000000
00000000000000000000111111111111111111111111111111111111111111111111111111111111111111111111111111111111100000000000000000000000
00000000000000000000111111111111111111111111111111111111111111111111111111111111111111111111111111111100000000000000000000000000
00000000000000000000011111111111111111111111111111111111111111111111111111111111111111111111111111111000000000000000000000000000
00000000000000000000001111111111111111111111111111111111111111111111111111111111111111111111111111110000000000000000000000000000
00000000000000000000000011111111111111111111111111111111111111111111111111111111111111111111111110000000000000000000000000000000
00000000000000000000000000111111111111111111111111111111111111111111111111111111111111111111111000000000000000000000000000000000
00000000000000000000000000000011111111111111111111111111111111111111111111111111111111111111000000000000000000000000000000000000
00000000000000000000000000000000111111111111111111111111111111111111111111111111111111111110000000000000000000000000000000000000
00000000000000000000000000000000001111111111111111111111111111111111111111111111111111111000000000000000000000000000000000000000
00000000000000000000000000000000000111111111111111111111111111111111111111111111111100000000000000000000000000000000000000000000
00000000000000000000000000000000000011111111111111111111111111111111111111111111111000000000000000000000000000000000000000000000
00000000000000000000000000000000000000011111111111111111111111111111111111111110000000000000000000000000000000000000000000000000
00000000000000000000000000000000000000000000010011111111111111111111111100011000000000000000000000000000000000000000000000000000
00000000000000000000000000000000000000000000000000000000000000000000000000000000000000000000000000000000000000000000000000000000
00000000000000000000000000000000000000000000000000000000000000000000000000000000000000000000000000000000000000000000000000000000
00000000000000000000000000000000000000000000000000000000000000000000000000000000000000000000000000000000000000000000000000000000
00000000000000000000000000000000000000000000000000000000000000000000000000000000000000000000000000000000000000000000000000000000
00000000000000000000000000000000000000000000000000000000000000000000000000000000000000000000000000000000000000000000000000000000
00000000000000000000000000000000000000000000000000000000000000000000000000000000000000000000000000000000000000000000000000000000
00000000000000000000000000000000000000000000000000000000000000000000000000000000000000000000000000000000000000000000000000000000
00000000000000000000000000000000000000000000000000000000000000000000000000000000000000000000000000000000000000000000000000000000
00000000000000000000000000000000000000000000000000000000000000000000000000000000000000000000000000000000000000000000000000000000
