00000000000000000000000000000000000000000000000000000000000000000000000000000000000000000000000000000000000000000000000000000000
00000000000000000000000000000000000000000000000000000000000000000000000000000000000000000000000000000000000000000000000000000000
00000000000000000000000000000000000000000000000000000000000000000000000000000000000000000000000000000000000000000000000000000000
00000000000000000000000000000000000000000000000000000000000000000000000000000000000000000000000000000000000000000000000000000000
00000000000000000000001000000000000000000000000000000000000000000000000000000000000000000000000000000000000000000000000000000000
00000000000000000011111111111111100000000000000000000000000000000000000000000000000000000000000000000000000000000000000000000000
00000000000000011111111111111111111100000000000000000000000000000000000000000000000000000000000000000000000000000000000000000000
00000000000001111111111111111111111111000000000000000000000000000000000000000000000000000000000000000000000000000000000000000000
00000000000011111111111111111111111111110000000000000000000000000000000000000000000000000000000000000000000000000000000000000000
00000000000011111111111111111111111111111100000000000000000000000000000000000000000000000000000000000000000000000000000000000000
00000000000011111111111111111111111111111110000000000000000000000000000000000000000000000000000000000000000000000000000000000000
00000000000011111111111111111111111111111111000000000000000000000000000000000000000000000000000000000000000000000000000000000000
00000000000011111111111111111111111111111111000000000000000000000000000000000000000000000000000000000000000000000000000000000000
00000000000011111111111111111111111111111111100000000000000000000000000000000000000000000000000000000000000000000000000000000000
00000000000011111111111111111111111111111111100000000000000000000000000000000000000000000000000000000000000000000000000000000000
00000000000011111111111111111111111111111111110000000000000000000000000000000000000000000000000000000000000000000000000000000000
00000000000011111111111111111111111111111111110000000000000000000000000000000000000000000000000000000000000000000000000000000000
00000000000000111111111111111111111111111111110000000000000000000000000000000000000000000000000000000000000000000000000000000000
00000000000000000111111111111111111111111111100000000000000000000000000000000000000000000000000000000000000000000000000000000000
00000000000000000111111111111111111111111111100000000000000000000000000000000000000000000000000000000000000000000000000000000000
00000000000000000011111111111111111111111111100000000000000000000000000000000000000000000000000000000000000000000000000000000000
00000000000000000011111111111111111111111111100000000000000000000000000000000000000000000000000000000000000000000000000000000000
00000000000000000011111111111111111111111111100000000000000000000000000000000000000000000000000000000000000000000000000000000000
00000000000000000011111111111111111111111111100000000000000000000000000000000000000000000000000000000000000000000000000000000000
00000000000000000011111111111111111111111111100000000000000000000000000000000000000000000000000000000000000000000000000000000000
00000000000000000011111111111111111111111111100000000000000000000000000000000000000000000000000000000000000000000000000000000000
00000000000000000011111111111111111111111111100000000000000000000000000000000000000000000000000000000000000000000000000000000000
00000000000000000011111111111111111111111111100000000000000000000000000000000000000000000000000000000000000000000000000000000000
00000000000000000011111111111111111111111111100000000000000000000000000000000000000000000000000000000000000000000000000000000000
00000000000000000011111111111111111111111111100000000000000000000000000000000000000000000000000000000000000000000000000000000000
00000000000000000011111111111111111111111111100001111111111111111111001111111111111000000000000000000000000000000000000000000000
00000000000000000011111111111111111111111111100111111111111111111111111111111111111111000000000000000000000000000000000000000000
00000000000000000011111111111111111111111111111111111111111111111111111111111111111111111000000000000000000000000000000000000000
00000000000000000011111111111111111111111111111111111111111111111111111111111111111111111110000000000000000000000000000000000000
00000000000000000011111111111111111111111111111111111111111111111111111111111111111111111111000000000000000000000000000000000000
00000000000000000011111111111111111111111111111111111111111111111111111111111111111111111111110000000000000000000000000000000000
00000000000000000011111111111111111111111111111111111111111111111111111111111111111111111111111100000000000000000000000000000000
00000000000000000011111111111111111111111111111111111111111111111111111111111111111111111111111100000000000000000000000000000000
00000000000000000011111111111111111111111111111111111111111111111111111111111111111111111111111100000000000000000000000000000000
00000000000000000011111111111111111111111111111111111111111111111111111111111111111111111111111111000000000000000000000000000000
00000000000000000011111111111111111111111111111111111111111111111111111111111111111111111111111111100000000000000000000000000000
00000000000000000011111111111111111111111111111111111111111111111111111111111111111111111111111111110000000000000000000000000000
00000000000000000011111111111111111111111111111111111111111111111111111111111111111111111111111111111000000000000000000000000000
00000000000000000011111111111111111111111111111111111111111111111111111111111111111111111111111111111111000000000000000000000000
00000000000000000011111111111111111111111111111111111111111111111111111111111111111111111111111111111111000000000000000000000000
00000000000000000011111111111111111111111111111111111111111111111111111111111111111111111111111111111111000000000000000000000000
00000000000000000011111111111111111111111111111111111111111111111111111111111111111111111111111111111111100000000000000000000000
00000000000000000011111111111111111111111111111111111111111111111111111111111111111111111111111111111111100000000000000000000000
00000000000000000011111111111111111111111111111111111111111111111111111111111111111111111111111111111111110000000000000000000000
00000000000000000011111111111111111111111111111111111111111111111111111111111111111111111111111111111111111000000000000000000000
00000000000000000011111111111111111111111111111111111111111111111111111111111111111111111111111111111111111100000000000000000000
00000000000000000011111111111111111111111111111111111111111111111111111111111111111111111111111111111111111110000000000000000000
00000000000000000011111111111111111111111111111111111111111111111111111111111111111111111111111111111111111111000000000000000000
00000000000000000011111111111111111111111111111111111111111111111111111111111111111111111111111111111111111111100000000000000000
00000000000000000011111111111111111111111111111111111111111111111111111111111111111111111111111111111111111111100000000000000000
00000000000000000011111111111111111111111111111111111111111111111111111111111111111111111111111111111111111111110000000000000000
00000000000000000011111111111111111111111111111111111111111111111111111111111111111111111111111111111111111111110000000000000000
00000000000000000011111111111111111111111111111111111111111111111111111111111111111111111111111111111111111111110000000000000000
00000000000000000011111111111111111111111111111111000000000000111111111111111111111111111111111111111111111111110000000000000000
00000000000000000111111111111000000000000000000000000000000000000000111111111111111111111111111111111111111111110000000000000000
00000000000000000011111111000000000000000000000000000000000000000000000011111111111111111111111111111111111111111000000000000000
00000000000000000011111100000000000000000000000000000000000000000000000001111111111111111111111111111111111111111000000000000000
00000000000000000000100000000000000000000000000000000000000000000000000000111111111111111111111111111111111111110000000000000000
00000000000000000000000000000000000000000000000000000000000000000000000000001111111111111111111111111111111111110000000000000000
00000000000000000000000000000000000000000000000000000000000000000000000000000111111111111111111111111111111111110000000000000000
00000000000000000000000000000000000000000000000000000000000000000000000000000011111111111111111111111111111111111000000000000000
00000000000000000000000000000000000000000000000000000000000000000000000000000011111111111111111111111111111111110000000000000000
00000000000000000000000000001111111111111111100000000000000000000000000000000001111111111111111111111111111111110000000000000000
00000000000000000000000011111111111111111111111000000000000000000000000000000001111111111111111111111111111111110000000000000000
00000000000000000000001111111111111111111111111100000000000000000000000000000001111111111111111111111111111111110000000000000000
00000000000000000000111111111111111111111111111110000000000000000000000000000011111111111111111111111111111111110000000000000000
00000000000000000001111111111111111111111111111111000000000000000000000000000011111111111111111111111111111111110000000000000000
00000000000000000111111111111111111111111111111111000000000000000000000000000011111111111111111111111111111111100000000000000000
00000000000000001111111111111111111111111111111111000000000000000000000000000011111111111111111111111111111111100000000000000000
00000000000000001111111111111111111111111111111111000000000000000000000000000011111111111111111111111111111111000000000000000000
00000000000000011111111111111111111111111111111111000000000000000000000000000111111111111111111111111111111111000000000000000000
00000000000000011111111111111111111111111111111111000000000000000000000000000111111111111111111111111111111111000000000000000000
00000000000000111111111111111111111111111111111111000000000000000000000000000111111111111111111111111111111110000000000000000000
00000000000001111111111111111111111111111111111111000000000000000000000000001111111111111111111111111111111110000000000000000000
00000000000001111111111111111111111111111111111111000000000000000000000000001111111111111111111111111111111110000000000000000000
00000000000011111111111111111111111111111111111111000000000000000000000000011111111111111111111111111111111000000000000000000000
00000000000011111111111111111111111111111111111110000000000000000000000000011111111111111111111111111111111000000000000000000000
00000000000011111111111111111111111111111111111110000000000000000000000000111111111111111111111111111111110000000000000000000000
00000000000111111111111111111111111111111111111100000000000000000000000000111111111111111111111111111111110000000000000000000000
00000000000111111111111111111111111111111111111000000000000000000000000001111111111111111111111111111111100000000000000000000000
00000000000111111111111111111111111111111111110000000000000000000000000111111111111111111111111111111111100000000000000000000000
00000000000111111111111111111111111111111111000000000000000000000000001111111111111111111111111111111111000000000000000000000000
00000000000111111111111111111111111111110000000000000000000000000000111111111111111111111111111111111111000000000000000000000000
00000000000111111111111111111111111111110000000000000000000000000111111111111111111111111111111111111110000000000000000000000000
00000000000111111111111111111111111111100000000000000000000000011111111111111111111111111111111111111110000000000000000000000000
00000000001111111111111111111111010000000000000000000000001111111111111111111111111111111111111111111100000000000000000000000000
00000000001111111111111111111111000000000000000000000001111111111111111111111111111111111111111111111100000000000000000000000000
00000000001111111111111111111111000000000000000000111111111111111111111111111111111111111111111111111000000000000000000000000000
00000000001111111111111111111111100000000000011111111111111111111111111111111111111111111111111111100000000000000000000000000000
00000000001111111111111111111111111111111111111111111111111111111111111111111111111111111111111111000000000000000000000000000000
00000000001111111111111111111111111111111111111111111111111111111111111111111111111111111111111111000000000000000000000000000000
00000000001111111111111111111111111111111111111111111111111111111111111111111111111111111111111110000000000000000000000000000000
00000000001111111111111111111111111111111111111111111111111111111111111111111111111111111111111110000000000000000000000000000000
00000000001111111111111111111111111111111111111111111111111111111111111111111111111111111111111100000000000000000000000000000000
00000000001111111111111111111111111111111111111111111111111111111111111111111111111111111111111000000000000000000000000000000000
00000000001111111111111111111111111111111111111111111111111111111111111111111111111111111111111000000000000000000000000000000000
00000000001111111111111111111111111111111111111111111111111111111111111111111111111111111111100000000000000000000000000000000000
00000000001111111111111111111111111111111111111111111111111111111111111111111111111111111111100000000000000000000000000000000000
00000000001111111111111111111111111111111111111111111111111111111111111111111111111111111110000000000000000000000000000000000000
00000000000111111111111111111111111111111111111111111111111111111111111111111111111111111100000000000000000000000000000000000000
00000000000111111111111111111111111111111111111111111111111111111111111111111111111111111100000000000000000000000000000000000000
00000000000111111111111111111111111111111111111111111111111111111111111111111111111111100000000000000000000000000000000000000000
00000000000011111111111111111111111111111111111111111111111111111111111111111111111111000000000000000000000000000000000000000000
00000000000001111111111111111111111111111111111111111111111111111111111111111111111110000000000000000000000000000000000000000000
00000000000001111111111111111111111111111111111111111111111111111111111111111111111100000000000000000000000000000000000000000000
00000000000000111111111111111111111111111111111111111111111111111111111111111111110000000000000000000000000000000000000000000000
00000000000000011111111111111111111111111111111111111111111111111111111111111111100000000000000000000000000000000000000000000000
00000000000000001111111111111111111111111111111111111111111111111111111111111110000000000000000000000000000000000000000000000000
00000000000000000111111111111111111111111111111111111111111111111111111111111100000000000000000000000000000000000000000000000000
00000000000000000001111111111111111111111111111111111111111111111111111111100000000000000000000000000000000000000000000000000000
00000000000000000000111111111111111111111111111111111111111111111111111000000000000000000000000000000000000000000000000000000000
00000000000000000000011111111111111111111111111111111111111111111111100000000000000000000000000000000000000000000000000000000000
00000000000000000000000111111111111111111111111111111111111111111100000000000000000000000000000000000000000000000000000000000000
00000000000000000000000001111111111111111111111111111111111111110000000000000000000000000000000000000000000000000000000000000000
00000000000000000000000000000001111111111111111111111111111110000000000000000000000000000000000000000000000000000000000000000000
00000000000000000000000000000000000000000000000000000000000000000000000000000000000000000000000000000000000000000000000000000000
00000000000000000000000000000000000000000000000000000000000000000000000000000000000000000000000000000000000000000000000000000000
00000000000000000000000000000000000000000000000000000000000000000000000000000000000000000000000000000000000000000000000000000000
00000000000000000000000000000000000000000000000000000000000000000000000000000000000000000000000000000000000000000000000000000000
00000000000000000000000000000000000000000000000000000000000000000000000000000000000000000000000000000000000000000000000000000000
00000000000000000000000000000000000000000000000000000000000000000000000000000000000000000000000000000000000000000000000000000000
00000000000000000000000000000000000000000000000000000000000000000000000000000000000000000000000000000000000000000000000000000000
00000000000000000000000000000000000000000000000000000000000000000000000000000000000000000000000000000000000000000000000000000000
