00000000000000000000000000000000000000000000000000000000000000000000000000000000000000000000000000000000000000000000000000000000
00000000000000000000000000000000000000000000000000000000000000000000000000000000000000000000000000000000000000000000000000000000
00000000000000000000000000000000000000000000000000000000000000000000000000000000000000000000000000000000000000000000000000000000
00000000000000000000000000000000000000000000000000000000000000000000000000000000000000000000000000000000000000000000000000000000
00000000000000000000000000000000000000000000000000000000000000000000000000000000000000000000000000000000000000000000000000000000
00000000000000000000000000000000000000000000000000000000000000000000000000000000000000000000000000000000000000000000000000000000
00000000000000000000000000000000000000000000000000000000000000000000000000000000000000000000000000000000000000000000000000000000
00000000000000000000000000000000000000000000000000000000000000000000000000000000000000000000000000000000000000000000000000000000
00000000000000000000000000000000000000000000000000000000000000000000000000000000000000000000000000000000000000000000000000000000
00000000000000000000000000000000000000000000000000000000000000000000000000000000000000000000000000000000000000000000000000000000
00000000000000000000000000000000000000000000000000000000000000000000000000000000000000000000000000000000000000000000000000000000
00000000000000000000000000000000000000000000000000000000000000000000000000000000000000000000000000000000000000000000000000000000
00000000000000000000000000000000000000000000000000000000000000000000000000000000000000000000000000000000000000000000000000000000
00000000000000000000000000000000000000000000000000000000000000000000000000000000000000000000000000000000000000000000000000000000
00001111110000000000000000000000000000000000000000000000000000000000000000000000000000000000000000000000000000000000000000000000
00111111111110000000000000000000000000000000000000000000000000000000000000000000000000000000000000000000000000000000000000000000
00111111111110000000000000000000000000000000000000000000000000000000000000000000000000000000000000000000000000000000000000000000
00111111111111000000000000000000000001111111000000000000000000000000000000000000000000000000000001000000000000000000000000000000
00111111111111000000000000000000000001111111111000000000000000000000000000000000000000000000001111111000000000000000000000000000
00111111111111100000000000000000000001111111111111000000000000000000000000000000000000000000011111111000000000000000000000000000
00111111111111100000000000000000000011111111111111111000000000000000000000000000000000000001111111111000000000000000000000000000
00001111111111110000000000000000000011111111111111111000000000000000000000000000000000000011111111111000000000000000000000000000
00001111111111110000000000000000000011111111111111111100000000000000000000000000000000001111111111111000000000000000000000000000
00001111111111110000000000000000000111111111111111111110000000000000000000000000000000011111111111111100000000000000000000000000
00001111111111110000000000000000001111111111111111111111100000000000000000000000000000111111111111111100000000000000000000000000
00001111111111110000000000000000001111111111111111111111111100000000000000000000000001111111111111111100000000000000000000000000
00000111111111110000000000000000001111111111111111111111111111000000000000000000000011111111111111111110000000000000000000000000
00000111111111111000000000000000011111111111111111111111111111000000000000000000001111111111111111111110000000000000000000000000
00000111111111111000000000000000011111111111111111111111111111110000000000000000001111111111111111111110000000000000000000000000
00000011111111111000000000000000011111111111111111111111111111111100000000000000111111111111111111111110000000000000000000000000
00000011111111111000000000000000011111111111111111111111111111111111100000000011111111111111111111111110000000000000000000000000
00000011111111111000000000000000111111111111111111111111111111111111111000011111111111111111111111111110000000000000000000000000
00000011111111111100000000000000111111111111111000111111111111111111111111111111111111111111111111111110000000000000000000000000
00000011111111111000000000000001111111111111110000001111111111111111111111111111111111111111111111111110000000000000000000000000
00000111111111111000000000000001111111111111100000000001111111111111111111111111111111111111111111111110000000000000000000000000
00000011111111111100000000000011111111111111100000000000111111111111111111111111111111111111111111111110000000000000000000000000
00000011111111111100000000000011111111111111000000000000001111111111111111111111111111111111111111111110000000000000000000000000
00000011111111111100000000000011111111111111000000000000000111111111111111111111111111111001111111111111000000000000000000000000
00000111111111111110000000000111111111111110000000000000000011111111111111111111111111000001111111111111000000000000000000000000
00000111111111111110000000000111111111111100000000000000000001111111111111111111001000000001111111111111000000000000000000000000
00000111111111111110000000000111111111111100000000000000000000011111111111100000000000000001111111111111000000000000000000000000
00000111111111111110000000000111111111111000000000000000000000001111111110000000000000000001111111111111000000000000000000000000
00000111111111111110000000000111111111111000000000000000000000000000000000000000000000000000111111111111000000000000000000000000
00000111111111111110000000001111111111111000000000000000000000000000000000000000000000000000111111111111000000000000000000000000
00000111111111111111000000001111111111110000000000000000000000000000000000000000000000000000111111111111000000000000000000000000
00000111111111111111000000001111111111110000000000000000000000000000000000000000000000000000111111111111000000000000000000000000
00000111111111111111000000001111111111110000000000000000000000000000000000000000000000000000111111111111000000000000000000000000
00000111111111111111000000001111111111110000000000000000000000000000000000000000000000000000111111111111000000000000000000000000
00000111111111111111000000001111111111110000000000000000000000000000000000000000000000000000111111111111000000000000000000000000
00000111111111111111000000001111111111100000000000000000000000000000000000000000000000000000111111111111000000000000000000000000
00000111111111111111000000011111111111100000000000000000000000000000000000000000000000000000111111111111000000000000000000000000
00000111111111111111000000011111111111100000000000000000000000000000000000000000000000000000111111111111000000000000000000000000
00000111111111111111100000011111111111111111000000000000000000000000000000000000000000000000111111111111000000000000000000000000
00000111111111111111000000011111111111111111100000000000000000000000000000000000000000000000111111111111000000000000000000000000
00000111111111111111000000011111111111111111111110000000000000000000000000000000000000000000111111111111000000000000000000000000
00000111111111111111100000011111111111111111111110000000000000000000000000000000000000000000111111111111100000000000000000000000
00000111111111111111100000011111111111111111111110000000000000000000000000000000000000000000111111111111100000000000000000000000
00000111111111111111100000011111111111111111111111000000000000000000000000000000000000000000111111111111100000000000000000000000
00000111111111111111100000111111111111111111111111000000000000000000000000000000000000000000111111111111100000000000000000000000
00000111111111111111100000011111111110001111111111000000000000000000000000000000000000000000111111111111100000000000000000000000
00000111111111111111100000111111111110001111111111000000000000000000000000000000000000000000111111111111100000000000000000000000
00000111111111111111110000011111111110001111111111000000000000000000000000000000000000000000111111111111100000000000000000000000
00000111111111111111110000011111111110001111111111000000000000000000000000000000000000000000111111111111100000000000000000000000
00000111111111111111110000011111111110000111111111100000000000000000000000000000000000000000111111111111100000000000000000000000
00000111111111111111110000011111111110000111111111100000000000000000000000000000000000000000111111111111100000000000000000000000
00000111111111111111110000011111111110000111111111100000000000000000000000000000000000000000111111111111100000000000000000000000
00000111111111111111110000011111111110000111111111100000000000000000000000000000000000000000111111111111100000000000000000000000
00000111111111111111110000011111111110000111111111100000000000000000000000000000000000000000111111111111100000000000000000000000
00000111111111111111110000011111111110000111111111100000000000000000000000000000000000000000111111111111100000000000000000000000
00000111111111111111110000111111111110000011111111100000000000000000000000000000000000000000111111111111100000000000000000000000
00000111111111111111110000011111111110000011111111100000000000000000000000000000000000000001111111111111000000000000000000000000
00000111111111111111110000011111111111000011111111100000000000000000000000000000000000000001111111111111000000000000000000000000
00000111111111111111110000011111111111000011111111100000000000000000000000000000000000000001111111111111000000000000000000000000
00000111111111111111110000011111111111000011111111100000000000000000000000000000000000000001111111111111000000000000000000000000
00000111111111111111110000011111111111000011111111100000000000000000000000000000000000000001111111111111000000000000000000000000
00000111111111111111110000011111111111000011111111100000000000000000000000000000000000000001111111111111000000000000000000000000
00000111111111111111110000011111111111100011111111100000000000000000000000000000000000000011111111111111000000000000000000000000
00000111111111111111110000001111111111100011111111100000000000000000000000000000000000000011111111111111000000000000000000000000
00000111111111111111110000001111111111100011111111100000000000000000000000000000000000000011111111111111000000000000000000000000
00000111111111111111110000001111111111100011111111000000000000000000000000000000000000000011111111111111000000000000000000000000
00000111111111111111110000001111111111110011111111000000000000000000000000000000000000000011111111111111000000000000000000000000
00000111111111111111110000000111111111110011111111100000000000000000000000000000000000000011111111111111000000000000000000000000
00000011111111111111110000000111111111110011111111000000000000000000000000000000000000000011111111111111000000000000000000000000
00000011111111111111110000000111111111111111111111000000000000000000000000000000000000000111111111111111000000000000000000000000
00000011111111111111110000000111111111111111111111000000000000000000000000000000000000000111111111111111000000000000000000000000
00000011111111111111110000000011111111111111111111000000000000000000000000000000000000000111111111111111000000000000000000000000
00000001111111111111110000000011111111111111111111000000000000000000000000000000000000001111111111111110000000000000000000000000
00000001111111111111110000000001111111111111111111000000000000000000000000000000000000001111111111111100000000000000000000000000
00000001111111111111111000000001111111111111111110000000000000000000000000000000000000001111111111111100000000000000000000000000
00000001111111111111111000000000111111111111111110000000000000000000000000000000000000001111111111111100000000000000000000000000
00000001111111111111111000000000111111111111111100000000000000000000000000000000000000001111111111111100000000000000000000000000
00000000111111111111111000000000001111111111111000000000000000000000000000000000000000011111111111111100000000000000000000000000
00000000111111111111111000000000000111111111111000000000000000000000000000000000000000011111111111111100000000000000000000000000
00000000111111111111111100000000000111111111100000000000000000000000000000000000000000111111111111111100000000000000000000000000
00000000111111111111111100000000000000100100000000000000000000000000000000000000000001111111111111111000000000000000000000000000
00000000111111111111111100000000000000000000000000000000000000000000000000000000000011111111111111110000000000000000000000000000
00000000111111111111111110000000000000000000000000000000000000000000000000000000111111111111111111110000000000000000000000000000
00000000111111111111111110000000000000000000000000000000000000000000000000000111111111111111111111100000000000000000000000000000
00000000111111111111111111000000000000000000000000000000000000000000000000111111111111111111111111100000000000000000000000000000
00000000011111111111111111111000000000000000000000000000000000000000000111111111111111111111111111000000000000000000000000000000
00000000011111111111111111111110000000000000000000000000000000000001111111111111111111111111111110000000000000000000000000000000
00000000011111111111111111111111100000000000000000000000000000011111111111111111111111111111111100000000000000000000000000000000
00000000011111111111111111111111111111100000000000000000000011111111111111111111111111111111111100000000000000000000000000000000
00000000011111111111111111111111111111111111111000000000000111111111111111111111111111111111110000000000000000000000000000000000
00000000011111111111111111111111111111111111111111111111111111111111111111111111111111111111000000000000000000000000000000000000
00000000000111111111111111111111111111111111111111111111111111111111111111111111111111111111000000000000000000000000000000000000
00000000000111111111111111111111111111111111111111111111111111111111111111111111111111111100000000000000000000000000000000000000
00000000000111111111111111111111111111111111111111111111111111111111111111111111111111111100000000000000000000000000000000000000
00000000000111111111111111111111111111111111111111111111111111111111111111111111111111110000000000000000000000000000000000000000
00000000000111111111111111111111111111111111111111111111111111111111111111111111111111100000000000000000000000000000000000000000
00000000000111111111111111111111111111111111111111111111111111111111111111111111111110000000000000000000000000000000000000000000
00000000000000011111111111111111111111111111111111111111111111111111111111111111000000000000000000000000000000000000000000000000
00000000000000000111111111111111111111111111111111111111111111111111111111111100000000000000000000000000000000000000000000000000
00000000000000000000111111111111111111111111111111111111111111111111111111110000000000000000000000000000000000000000000000000000
00000000000000000000000011111111111111111111111111111111111111111111111111100000000000000000000000000000000000000000000000000000
00000000000000000000000011111111111111111111111111111111111111111111111100000000000000000000000000000000000000000000000000000000
00000000000000000000000000011111111111111111111111110011010000000111000000000000000000000000000000000000000000000000000000000000
00000000000000000000000000000000000000000000000000000000000000000000000000000000000000000000000000000000000000000000000000000000
00000000000000000000000000000000000000000000000000000000000000000000000000000000000000000000000000000000000000000000000000000000
00000000000000000000000000000000000000000000000000000000000000000000000000000000000000000000000000000000000000000000000000000000
00000000000000000000000000000000000000000000000000000000000000000000000000000000000000000000000000000000000000000000000000000000
00000000000000000000000000000000000000000000000000000000000000000000000000000000000000000000000000000000000000000000000000000000
00000000000000000000000000000000000000000000000000000000000000000000000000000000000000000000000000000000000000000000000000000000
00000000000000000000000000000000000000000000000000000000000000000000000000000000000000000000000000000000000000000000000000000000
00000000000000000000000000000000000000000000000000000000000000000000000000000000000000000000000000000000000000000000000000000000
00000000000000000000000000000000000000000000000000000000000000000000000000000000000000000000000000000000000000000000000000000000
00000000000000000000000000000000000000000000000000000000000000000000000000000000000000000000000000000000000000000000000000000000
00000000000000000000000000000000000000000000000000000000000000000000000000000000000000000000000000000000000000000000000000000000
