00000000000000000000000000000000000000000000000000000000000000000000000000000000000000000000000000000000000000000000000000000000
00000000000000000000000000000000000000000000000000000000000000000000000000000000000000000000000000000000000000000000000000000000
00000000000000000000000000000000000000000000000000000000000000000000000000000000000000000000000000000000000000000000000000000000
00000000000000000000000000000000000000000000000000000000000000000000000000000000000000000000000000000000000000000000000000000000
00000000000000000000000000000000000000000000000000000000000000010011111111111110000000000000000000000000000000000000000000000000
00000000000000000000000000000000000000000000000000000000001111111111111111111111100000000000000000000000000000000000000000000000
00000000000000000000000000000000000000000000001111111111111111111111111111111111111100000000000000000000000000000000000000000000
00000000000000000000000000000000000000000001111111111111111111111111111111111111111111000000000000000000000000000000000000000000
00000000000000000000000000000000000000000111111111111111111111111111111111111111111111111100000000000000000000000000000000000000
00000000000000000000000000000000000001111111111111111111111111111111111111111111111111111110000000000000000000000000000000000000
00000000000000000000000000000000011111111111111111111111111111111111111111111111111111111111100000000000000000000000000000000000
00000000000000000000000000000000111111111111111111111111111111111111111111111111111111111111110000000000000000000000000000000000
00000000000000000000000000000001111111111111111111111111111111111111111111111111111111111111111000000000000000000000000000000000
00000000000000000000000000000011111111111111111111111111111111111111111111111111111111111111111100000000000000000000000000000000
00000000000000000000000000000111111111111111111111111111111111111111111111111111111111111111111110000000000000000000000000000000
00000000000000000000000000000111111111111111111111111111111111111111111111111111111111111111111111000000000000000000000000000000
00000000000000000000000000001111111111111111111111111111111111111111111111111111111111111111111111100000000000000000000000000000
00000000000000000000000000001111111111111111111111111111111111111111111111111111111111111111111111110000000000000000000000000000
00000000000000000000000000111111111111111111111111111111111111111111111111111111111111111111111111111000000000000000000000000000
00000000000000000000000000111111111111111111111111111111111111100001111111111111111111111111111111111100000000000000000000000000
00000000000000000000000001111111111111111111111111111111111100000000000001111111111111111111111111111110000000000000000000000000
00000000000000000000000001111111111111111111111111111110000000000000000000111111111111111111111111111110000000000000000000000000
00000000000000000000000011111111111111111111111111111000000000000000000000000011111111111111111111111111000000000000000000000000
00000000000000000000000011111111111111111111111111111000000000000000000000000000111111111111111111111111100000000000000000000000
00000000000000000000000011111111111111111111111110000000000000000000000000000000011111111111111111111111110000000000000000000000
00000000000000000000000011111111111111111111111100000000000000000000000000000000000111111111111111111111110000000000000000000000
00000000000000000000000011111111111111111111111000000000000000000000000000000000000011111111111111111111111000000000000000000000
00000000000000000000000011111111111111111111110000000000000000000000000000000000000000111111111111111111111100000000000000000000
00000000000000000000000011111111111111111111100000000000000000000000000000000000000000001111111111111111111110000000000000000000
00000000000000000000000011111111111111111111100000000000000000000000000000000000000000000111111111111111111111000000000000000000
00000000000000000000000011111111111111111111100000000000000000000000000000000000000000000111111111111111111111000000000000000000
00000000000000000000000011111111111111111111000000000000000000000000000000000000000000000011111111111111111111100000000000000000
00000000000000000000000011111111111111111111000000000000000000000000000000000000000000000001111111111111111111110000000000000000
00000000000000000000000011111111111111111111000000000000000000000000000000000000000000000000111111111111111111110000000000000000
00000000000000000000000011111111111111111110000000000000000000000000000000000000000000000000111111111111111111110000000000000000
00000000000000000000000011111111111111111110000000000000000000000000000000000000000000000000011111111111111111110000000000000000
00000000000000000000000011111111111111111110000000000000000000000000000000000000000000000000001111111111111111111000000000000000
00000000000000000000000011111111111111111110000000000000000000000000000000000000000000000000001111111111111111111000000000000000
00000000000000000000000111111111111111111100000000000000000000000000000000000000000000000000000111111111111111111100000000000000
00000000000000000000000111111111111111111100000000000000000000000000000000000000000000000000000011111111111111111100000000000000
00000000000000000000000111111111111111111100000000000000000000000000000000000000000000000000000001111111111111111100000000000000
00000000000000000000000111111111111111111000000000000000000000000000000000000000000000000000000001111111111111111100000000000000
00000000000000000000000111111111111111111000000000000000000000000000000000000000000000000000000000111111111111111100000000000000
00000000000000000000000111111111111111111000000000000000000000000000000000000000000000000000000000111111111111111110000000000000
00000000000000000000000111111111111111111000000000000000000000000000000000000000000000000000000000111111111111111110000000000000
00000000000000000000001111111111111111111000000000000000000000000000000000000000000000000000000000111111111111111111000000000000
00000000000000000000001111111111111111111000000000000000000000000000000000000000000000000000000000111111111111111111000000000000
00000000000000000000001111111111111111110000000000000000000000000000000000000000000000000000000000011111111111111111000000000000
00000000000000000000001111111111111111110000000000000000000000000000000000000000000000000000000000001111111111111111100000000000
00000000000000000000011111111111111111110000000000000000000000000000000000000000000000000000000000000111111111111111100000000000
00000000000000000000001111111111111111110000000000000000000000000000000000000000000000000000000000000111111111111111110000000000
00000000000000000000001111111111111111110000000000000000000000000000000000000000000000000000000000000011111111111111110000000000
00000000000000000000001111111111111111110000000000000000000000000000000000000000000000000000000000000011111111111111110000000000
00000000000000000000011111111111111111111000000000000000000000000000000000000000000000000000000000000011111111111111111000000000
00000000000000000000001111111111111111111000000000000000000000000000000000000000000000000000000000000001111111111111111000000000
00000000000000000000001111111111111111111000000000000000000000000000000000000000000000000000000000000001111111111111111000000000
00000000000000000000001111111111111111111000000000000000000000000000000000000000000000000000000000000000111111111111111100000000
00000000000000000000001111111111111111111000000000000000000000000000000000000000000000000000000000000000111111111111111100000000
00000000000000000000001111111111111111111000000000000000000000000000000000000000000000000000000000000000111111111111111100000000
00000000000000000000001111111111111111111000000000000000000000000000000000000000000000000000000000000000111111111111111100000000
00000000000000000000001111111111111111111000000000000000000000000000000000000000000000000000000000000000111111111111111100000000
00000000000000000000001111111111111111111000000000000000000000000000000000000000000000000000000000000000111111111111111110000000
00000000000000000000001111111111111111111000000000000000000000000000000000000000000000000000000000000000111111111111111110000000
00000000000000000000001111111111111111111000000000000000000000000000000000000000000000000000000000000000111111111111111110000000
00000000000000000000001111111111111111111000000000000000000000000000000000000000000000000000000000000000111111111111111110000000
00000000000000000000001111111111111111111000000000000000000000000000000000000000000000000000000000000000111111111111111110000000
00000000000000000000001111111111111111111000000000000000000000000000000000000000000000000000000000000000111111111111111110000000
00000000000000000000001111111111111111111000000000000000000000000000000000000000000000000000000000000000111111111111111110000000
00000000000000000000001111111111111111111000000000000000000000000000000000000000000000000000000000000000111111111111111110000000
00000000000000000000001111111111111111111100000000000000000000000000000000000000000000000000000000000000111111111111111110000000
00000000000000000000001111111111111111111100000000000000000000000000000000000000000000000000000000000000111111111111111110000000
00000000000000000000001111111111111111111100000000000000000000000000000000000000000000000000000000000000111111111111111110000000
00000000000000000000001111111111111111111100000000000000000000000000000000000000000000000000000000000000111111111111111110000000
00000000000000000000001111111111111111111110000000000000000000000000000000000000000000000000000000000000111111111111111110000000
00000000000000000000001111111111111111111110000000000000000000000000000000000000000000000000000000000000111111111111111110000000
00000000000000000000001111111111111111111110000000000000000000000000000000000000000000000000000000000000111111111111111100000000
00000000000000000000001111111111111111111111000000000000000000000000000000000000000000000000000000000000111111111111111100000000
00000000000000000000001111111111111111111111000000000000000000000000000000000000000000000000000000000000111111111111111100000000
00000000000000000000001111111111111111111111100000000000000000000000000000000000000000000000000000000000111111111111111100000000
00000000000000000000001111111111111111111111100000000000000000000000000000000000000000000000000000000000111111111111111100000000
00000000000000000000000111111111111111111111110000000000000000000000000000000000000000000000000000000011111111111111111100000000
00000000000000000000000111111111111111111111110000000000000000000000000000000000000000000000000000000011111111111111111100000000
00000000000000000000000111111111111111111111110000000000000000000000000000000000000000000000000000000011111111111111111100000000
00000000000000000000000111111111111111111111111000000000000000000000000000000000000000000000000000000111111111111111111100000000
00000000000000000000000111111111111111111111111100000000000000000000000000000000000000000000000000001111111111111111111100000000
00000000000000000000000011111111111111111111111110000000000000000000000000000000000000000000000000001111111111111111111100000000
00000000000000000000000011111111111111111111111111000000000000000000000000000000000000000000000000011111111111111111111100000000
00000000000000000000000011111111111111111111111111000000000000000000000000000000000000000000000000111111111111111111111100000000
00000000000000000000000001111111111111111111111111100000000000000000000000000000000000000000000001111111111111111111111100000000
00000000000000000000000001111111111111111111111111111000000000000000000000000000000000000000000011111111111111111111111100000000
00000000000000000000000001111111111111111111111111111100000000000000000000000000000000000000000111111111111111111111111100000000
00000000000000000000000000111111111111111111111111111110000000000000000000000000000000000000001111111111111111111111111000000000
00000000000000000000000000111111111111111111111111111111000000000000000000000000000000000000011111111111111111111111111000000000
00000000000000000000000000111111111111111111111111111111110000000000000000000000000000000000111111111111111111111111111000000000
00000000000000000000000000011111111111111111111111111111111000000000000000000000000000000001111111111111111111111111110000000000
00000000000000000000000000011111111111111111111111111111111111100000000000000000000000000011111111111111111111111111110000000000
00000000000000000000000000001111111111111111111111111111111111111110000000000000000000000111111111111111111111111111100000000000
00000000000000000000000000000111111111111111111111011111111111111111110000000000000000001111111111111111111111111111000000000000
00000000000000000000000000000011111111111111111111111111111111111111111111000000000000011111111111111111111111111111000000000000
00000000000000000000000000000011111111111111111111111111111111111111111111110000000011111111111111111111111111111110000000000000
00000000000000000000000000000001111111111111111111111111111111111111111111111110000111111111111111111111111111111100000000000000
00000000000000000000000000000001111111111111111111111111111111111111111111111111101111111111111111111111111111111100000000000000
00000000000000000000000000000001111111111111111111111111110111111111111111111111111111111111111111111111111111111100000000000000
00000000000000000000000000000001111111111111111111111111111111111111111111111111111111111111111111111111111111110000000000000000
00000000000000000000000000000000111111111111111111111111111111111111111111111111111111111111111111111111111111100000000000000000
00000000000000000000000000000000011111111111111111111111111111111111111111111111111111111111111111111111111111100000000000000000
00000000000000000000000000000000011111111111111111111111111111111111111111111111111111111111111111111111111111000000000000000000
00000000000000000000000000000000001111111111111111111111111111111111111111111111111111111111111111111111111110000000000000000000
00000000000000000000000000000000000111111111111111111111111111111111111111111111111111111111111111111111111100000000000000000000
00000000000000000000000000000000000011111111111111111111111111111111111111111111111111111111111111111111110000000000000000000000
00000000000000000000000000000000000011111111111111111111111111111111111111111111111111111111111111111111100000000000000000000000
00000000000000000000000000000000000000111111111111111111111111111111111111111111111111111111111111111111000000000000000000000000
00000000000000000000000000000000000000001111111111111111111111111111111111111111111111111111111111111110000000000000000000000000
00000000000000000000000000000000000000000111111111111111111111111111111111111111111111111111111111111110000000000000000000000000
00000000000000000000000000000000000000000001111111111111111111111111111111111111111111111111111111111000000000000000000000000000
00000000000000000000000000000000000000000000111111111111111111111111111111111111111111111111111111100000000000000000000000000000
00000000000000000000000000000000000000000000011111111111111111111111111111111111111111111111111110000000000000000000000000000000
00000000000000000000000000000000000000000000001111111111111111111111111111111111111111111111111110000000000000000000000000000000
00000000000000000000000000000000000000000000000011111111111111111111111111111111111111111111100000000000000000000000000000000000
00000000000000000000000000000000000000000000000000111111111111111111111111111111111111111111000000000000000000000000000000000000
00000000000000000000000000000000000000000000000000000011111111111111111111111111111111110000000000000000000000000000000000000000
00000000000000000000000000000000000000000000000000000000111111111111111111111111111111110000000000000000000000000000000000000000
00000000000000000000000000000000000000000000000000000000000111111111111111111000000000000000000000000000000000000000000000000000
00000000000000000000000000000000000000000000000000000000000000000000000000000000000000000000000000000000000000000000000000000000
00000000000000000000000000000000000000000000000000000000000000000000000000000000000000000000000000000000000000000000000000000000
00000000000000000000000000000000000000000000000000000000000000000000000000000000000000000000000000000000000000000000000000000000
00000000000000000000000000000000000000000000000000000000000000000000000000000000000000000000000000000000000000000000000000000000
00000000000000000000000000000000000000000000000000000000000000000000000000000000000000000000000000000000000000000000000000000000
