00000000000000000000000000000000000000000000000000000000000000000000000000000000000000000000000000000000000000000000000000000000
00000000000000000000000000000000000000000000000000000000000000000000000000000000000000000000000000000000000000000000000000000000
00000000000000000000000000000000000000000000000000000000000000000000000000000000000000000000000000000000000000000000000000000000
00000000000000000000000000000000000000000000000000000000000000001110000001000010000000000000000000000000000000000000000000000000
00000000000000000000000000000000000000000000000000000000000000111111111111111111110000000000000000000000000000000000000000000000
00000000000000000000000000000000000000000000000000000000000011111111111111111111111100000000000000000000000000000000000000000000
00000000000000000000000000000000000000000000000000000000000111111111111111111111111111000000000000000000000000000000000000000000
00000000000000000000000000000000000000000000000000000000111111111111111111111111111111110000000000000000000000000000000000000000
00000000000000000000000000000000000000000000000000000001111111111111111111111111111111111110000000000000000000000000000000000000
00000000000000000000000000000000000000000000000000001111111111111111111111111111111111111111110000000000000000000000000000000000
00000000000000000000000000000000000000000000000000011111111111111111111111111111111111111111111000000000000000000000000000000000
00000000000000000000000000000000000000000000000001111111111111111111111111111111111111111111111110000000000000000000000000000000
00000000000000000000000000000000000000000000000011111111111111111111111111111111111111111111111111100000000000000000000000000000
00000000000000000000000000000000000000000000001111111111111111111111111111111111111111111111111111110000000000000000000000000000
00000000000000000000000000000000000000000001111111111111111111111111111111111111111111111111111111111000000000000000000000000000
00000000000000000000000000000000000000000011111111111111111111111111111111111111111111111111111111111100000000000000000000000000
00000000000000000000000000000000000000001111111111111111111111111111111111111111111111111111111111111100000000000000000000000000
00000000000000000000000000000000000000111111111111111111111111111111111111111111111111111111111111111110000000000000000000000000
00000000000000000000000000000000000011111111111111111111111111111111111111111111111111111111111111111111000000000000000000000000
00000000000000000000000000000000001111111111111111111111111111111110000000000001111111111111111111111111000000000000000000000000
00000000000000000000000000000001111111111111111111111111111111110000000000000000011111111111111111111111110000000000000000000000
00000000000000000000000000000011111111111111111111111111111111000000000000000000000011111111111111111111110000000000000000000000
00000000000000000000000000000111111111111111111111111111110000000000000000000000000001111111111111111111110000000000000000000000
00000000000000000000000000011111111111111111111111111111100000000000000000000000000000011111111111111111111000000000000000000000
00000000000000000000000000111111111111111111111111111111000000000000000000000000000000001111111111111111111100000000000000000000
00000000000000000000000001111111111111111111111111111100000000000000000000000000000000000111111111111111111100000000000000000000
00000000000000000000000011111111111111111111111111110000000000000000000000000000000000000111111111111111111111000000000000000000
00000000000000000000000011111111111111111111111111100000000000000000000000000000000000000011111111111111111111100000000000000000
00000000000000000000000111111111111111111111111110000000000000000000000000000000000000000011111111111111111111100000000000000000
00000000000000000000001111111111111111111111111100000000000000000000000000000000000000000001111111111111111111110000000000000000
00000000000000000000011111111111111111111111111000000000000000000000000000000000000000000001111111111111111111111000000000000000
00000000000000000000111111111111111111111111110000000000000000000000000000000000000000000000111111111111111111111000000000000000
00000000000000000000111111111111111111111111100000000000000000000000000000000000000000000000011111111111111111111000000000000000
00000000000000000001111111111111111111111111000000000000000000000000000000000000000000000000011111111111111111111000000000000000
00000000000000000001111111111111111111111110000000000000000000000000000000000000000000000000001111111111111111111000000000000000
00000000000000000001111111111111111111111100000000000000000000000000000000000000000000000000001111111111111111111000000000000000
00000000000000000011111111111111111111111000000000000000000000000000000000000000000000000000000111111111111111111000000000000000
00000000000000000011111111111111111111111000000000000000000000000000000000000000000000000000000111111111111111111000000000000000
00000000000000000111111111111111111111110000000000000000000000000000000000000000000000000000000111111111111111111000000000000000
00000000000000001111111111111111111111100000000000000000000000000000000000000000000000000000000111111111111111111100000000000000
00000000000000001111111111111111111111000000000000000000000000000000000000000000000000000000000011111111111111111100000000000000
00000000000000011111111111111111111110000000000000000000000000000000000000000000000000000000000011111111111111111110000000000000
00000000000000111111111111111111111110000000000000000000000000000000000000000000000000000000000011111111111111111110000000000000
00000000000000111111111111111111111100000000000000000000000000000000000000000000000000000000000011111111111111111110000000000000
00000000000000111111111111111111111100000000000000000000000000000000000000000000000000000000000001111111111111111110000000000000
00000000000001111111111111111111111100000000000000000000000000000000000000000000000000000000000001111111111111111110000000000000
00000000000000111111111111111111111100000000000000000000000000000000000000000000000000000000000001111111111111111111000000000000
00000000000001111111111111111111111100000000000000000000000000000000000000000000000000000000000001111111111111111111000000000000
00000000000000111111111111111111111100000000000000000000000000000000000000000000000000000000000011111111111111111111000000000000
00000000000000111111111111111111111100000000000000000000000000000000000000000000000000000000000001111111111111111111000000000000
00000000000000111111111111111111111000000000000000000000000000000000000000000000000000000000000001111111111111111111000000000000
00000000000000111111111111111111111000000000000000000000000000000000000000000000000000000000000001111111111111111111100000000000
00000000000000111111111111111111111100000000000000000000000000000000000000000000000000000000000001111111111111111111100000000000
00000000000000111111111111111111111000000000000000000000000000000000000000000000000000000000000001111111111111111111100000000000
00000000000000111111111111111111111000000000000000000000000000000000000000000000000000000000000001111111111111111111100000000000
00000000000000111111111111111111111000000000000000000000000000000000000000000000000000000000000001111111111111111111100000000000
00000000000000111111111111111111111000000000000000000000000000000000000000000000000000000000000001111111111111111111100000000000
00000000000000111111111111111111111000000000000000000000000000000000000000000000000000000000000001111111111111111111100000000000
00000000000001111111111111111111111000000000000000000000000000000000000000000000000000000000000011111111111111111111100000000000
00000000000000111111111111111111111000000000000000000000000000000000000000000000000000000000000011111111111111111111100000000000
00000000000000111111111111111111111000000000000000000000000000000000000000000000000000000000000011111111111111111111100000000000
00000000000000111111111111111111111000000000000000000000000000000000000000000000000000000000000011111111111111111111110000000000
00000000000000111111111111111111111000000000000000000000000000000000000000000000000000000000000011111111111111111111100000000000
00000000000000111111111111111111111000000000000000000000000000000000000000000000000000000000000011111111111111111111100000000000
00000000000000111111111111111111111000000000000000000000000000000000000000000000000000000000000111111111111111111111100000000000
00000000000000111111111111111111111000000000000000000000000000000000000000000000000000000000000111111111111111111111100000000000
00000000000000111111111111111111111000000000000000000000000000000000000000000000000000000000000011111111111111111111100000000000
00000000000000111111111111111111111000000000000000000000000000000000000000000000000000000000000111111111111111111111100000000000
00000000000000111111111111111111111000000000000000000000000000000000000000000000000000000000000111111111111111111111100000000000
00000000000000111111111111111111111000000000000000000000000000000000000000000000000000000000000111111111111111111111100000000000
00000000000000111111111111111111111000000000000000000000000000000000000000000000000000000000001111111111111111111111100000000000
00000000000000111111111111111111111000000000000000000000000000000000000000000000000000000000001111111111111111111111100000000000
00000000000000011111111111111111111000000000000000000000000000000000000000000000000000000000011111111111111111111111100000000000
00000000000000011111111111111111111100000000000000000000000000000000000000000000000000000000011111111111111111111111100000000000
00000000000000011111111111111111111100000000000000000000000000000000000000000000000000000000011111111111111111111111100000000000
00000000000000011111111111111111111100000000000000000000000000000000000000000000000000000000111111111111111111111111100000000000
00000000000000011111111111111111111110000000000000000000000000000000000000000000000000000000111111111111111111111111100000000000
00000000000000001111111111111111111110000000000000000000000000000000000000000000000000000001111111111111111111111111100000000000
00000000000000001111111111111111111110000000000000000000000000000000000000000000000000000001111111111111111111111111100000000000
00000000000000001111111111111111111111000000000000000000000000000000000000000000000000000011111111111111111111111111110000000000
00000000000000001111111111111111111111000000000000000000000000000000000000000000000000000011111111111111111111111111100000000000
00000000000000000111111111111111111111000000000000000000000000000000000000000000000000000011111111111111111111111111100000000000
00000000000000000111111111111111111111100000000000000000000000000000000000000000000000000111111111111111111111111111100000000000
00000000000000000111111111111111111111100000000000000000000000000000000000000000000000001111111111111111111111111111100000000000
00000000000000000011111111111111111111110000000000000000000000000000000000000000000000001111111111111111111111111111000000000000
00000000000000000011111111111111111111110000000000000000000000000000000000000000000000011111111111111111111111111111000000000000
00000000000000000001111111111111111111111000000000000000000000000000000000000000000000111111111111111111111111111111000000000000
00000000000000000001111111111111111111111110000000000000000000000000000000000000000001111111111111111111111111111111000000000000
00000000000000000001111111111111111111111111000000000000000000000000000000000000000111111111111111111111111111111110000000000000
00000000000000000001111111111111111111111111110000000000000000000000000000000000000111111111111111111111111111111110000000000000
00000000000000000001111111111111111111111111111000000000000000000000000000000000011111111111111111111111111111111100000000000000
00000000000000000000111111111111111111111111111100000000000000000000000000000000011111111111111111111111111111111100000000000000
00000000000000000000011111111111111111111111111111000000000000000000000000000001111111111111111111111111111111111000000000000000
00000000000000000000011111111111111111111111111111111000000000000000000000000111111111111111111111111111111111111000000000000000
00000000000000000000011111111111111111111111111111111111000000000000000000111111111111111111111111111111111111110000000000000000
00000000000000000000001111111111111111111111111111111111111110000000000111111111111111111111111111111111111111110000000000000000
00000000000000000000001111111111111111111111111111111111111111111111111111111111111111111111111111111111111111100000000000000000
00000000000000000000000111111111111111111111111111111111111111111111111111111111111111111111111111111111111111000000000000000000
00000000000000000000000111111111111111111111111111111111111111111111111111111111111111111111111111111111111111000000000000000000
00000000000000000000000111111111111111111111111111111111111111111111111111111111111111111111111111111111111111000000000000000000
00000000000000000000000011111111111111111111111111111111111111111111111111111111111111111111111111111111111100000000000000000000
00000000000000000000000011111111111111111111111111111111111111111111111111111111111111111111111111111111111100000000000000000000
00000000000000000000000001111111111111111111111111111111111111111111111111111111111111111111111111111111111000000000000000000000
00000000000000000000000000111111111111111111111111111111111111111111111111111111111111111111111111111111110000000000000000000000
00000000000000000000000000001111111111111111111111111111111111111111111111111111111111111111111111111111000000000000000000000000
00000000000000000000000000000011111111111111111111111111111111111111111111111111111111111111111111111111000000000000000000000000
00000000000000000000000000000000111111111111111111111111111111111111111111111111111111111111111111111000000000000000000000000000
00000000000000000000000000000000001111111111111111111111111111111111111111111111111111111111111111100000000000000000000000000000
00000000000000000000000000000000001111111111111111111111111111111111111111111111111111111111111110000000000000000000000000000000
00000000000000000000000000000000000001111111111111111111111111111111111111111111111111111011000000000000000000000000000000000000
00000000000000000000000000000000000000011111111111111111111111111111111111111111111111000000000000000000000000000000000000000000
00000000000000000000000000000000000000000111111111111111111111111111111111111111111000000000000000000000000000000000000000000000
00000000000000000000000000000000000000000000011111111111111111111111111111111111100000000000000000000000000000000000000000000000
00000000000000000000000000000000000000000000000011111111111111111111111111111110000000000000000000000000000000000000000000000000
00000000000000000000000000000000000000000000000000000111111111111111111111111000000000000000000000000000000000000000000000000000
00000000000000000000000000000000000000000000000000000000000000000000000000000000000000000000000000000000000000000000000000000000
00000000000000000000000000000000000000000000000000000000000000000000000000000000000000000000000000000000000000000000000000000000
00000000000000000000000000000000000000000000000000000000000000000000000000000000000000000000000000000000000000000000000000000000
00000000000000000000000000000000000000000000000000000000000000000000000000000000000000000000000000000000000000000000000000000000
00000000000000000000000000000000000000000000000000000000000000000000000000000000000000000000000000000000000000000000000000000000
00000000000000000000000000000000000000000000000000000000000000000000000000000000000000000000000000000000000000000000000000000000
00000000000000000000000000000000000000000000000000000000000000000000000000000000000000000000000000000000000000000000000000000000
00000000000000000000000000000000000000000000000000000000000000000000000000000000000000000000000000000000000000000000000000000000
00000000000000000000000000000000000000000000000000000000000000000000000000000000000000000000000000000000000000000000000000000000
00000000000000000000000000000000000000000000000000000000000000000000000000000000000000000000000000000000000000000000000000000000
00000000000000000000000000000000000000000000000000000000000000000000000000000000000000000000000000000000000000000000000000000000
00000000000000000000000000000000000000000000000000000000000000000000000000000000000000000000000000000000000000000000000000000000
00000000000000000000000000000000000000000000000000000000000000000000000000000000000000000000000000000000000000000000000000000000
